1.4008106,0.2065625,1.3985994,0.20458333333333334,0.0020606517791748047
1.4000837,0.20802083333333332,1.3979365,0.20416666666666666,0.0038301944732666016
1.3993702,0.2084375,1.3972869,0.205,0.0056018829345703125
1.398671,0.20895833333333333,1.396651,0.20625,0.007368803024291992
1.3979839,0.20916666666666667,1.3960266,0.2075,0.00913548469543457
1.3973081,0.20927083333333332,1.3954139,0.20958333333333334,0.010896921157836914
1.396645,0.20958333333333334,1.394813,0.20958333333333334,0.012651681900024414
1.3959943,0.20947916666666666,1.394222,0.21125,0.014401435852050781
1.3953563,0.2115625,1.3936411,0.21333333333333335,0.016231060028076172
1.3947276,0.21229166666666666,1.3930682,0.21375,0.018053770065307617
1.3941084,0.21385416666666668,1.3925024,0.215,0.019875526428222656
1.3934989,0.21479166666666666,1.3919468,0.2175,0.021627426147460938
1.3928989,0.21520833333333333,1.3914008,0.21875,0.023375511169433594
1.3923064,0.2165625,1.3908648,0.21958333333333332,0.02514362335205078
1.3917218,0.21854166666666666,1.3903368,0.22125,0.02690863609313965
1.3911442,0.21927083333333333,1.3898166,0.22125,0.028690576553344727
1.3905737,0.22083333333333333,1.3893019,0.2225,0.030446290969848633
1.3900113,0.223125,1.3887956,0.2225,0.03220677375793457
1.3894566,0.22510416666666666,1.3882935,0.22583333333333333,0.033965110778808594
1.3889061,0.2271875,1.3877944,0.22666666666666666,0.03579306602478027
1.388361,0.22864583333333333,1.3872997,0.22791666666666666,0.03761601448059082
1.3878212,0.23010416666666667,1.3868098,0.23041666666666666,0.039429426193237305
1.3872858,0.2328125,1.3863238,0.23083333333333333,0.04118013381958008
1.3867531,0.23520833333333332,1.3858407,0.23125,0.042931556701660156
1.3862239,0.2378125,1.38536,0.235,0.04469633102416992
1.3856982,0.2409375,1.3848833,0.23541666666666666,0.04645895957946777
1.3851752,0.24322916666666666,1.38441,0.23791666666666667,0.048227787017822266
1.3846558,0.2459375,1.3839402,0.2425,0.04998469352722168
1.3841401,0.2478125,1.383474,0.24416666666666667,0.051752328872680664
1.383627,0.25,1.3830112,0.24916666666666668,0.053568124771118164
1.3831178,0.2534375,1.3825513,0.2504166666666667,0.05532526969909668
1.3826127,0.25614583333333335,1.3820932,0.25333333333333335,0.057085275650024414
1.3821104,0.259375,1.3816365,0.25708333333333333,0.058838605880737305
1.3816098,0.2629166666666667,1.3811815,0.26208333333333333,0.06059527397155762
1.3811115,0.2659375,1.3807278,0.26666666666666666,0.06234574317932129
1.3806152,0.27010416666666665,1.3802744,0.26916666666666667,0.06410455703735352
1.380121,0.2733333333333333,1.3798221,0.27208333333333334,0.06586647033691406
1.3796264,0.2775,1.3793703,0.27375,0.0676414966583252
1.3791327,0.2796875,1.3789177,0.27625,0.06940436363220215
1.3786386,0.28270833333333334,1.3784641,0.27875,0.07115483283996582
1.3781457,0.2860416666666667,1.3780098,0.2816666666666667,0.0729827880859375
1.3776528,0.2889583333333333,1.377555,0.28708333333333336,0.07479381561279297
1.3771583,0.2920833333333333,1.3770977,0.28958333333333336,0.07655930519104004
1.3766614,0.29614583333333333,1.3766383,0.2941666666666667,0.07831215858459473
1.3761628,0.2996875,1.3761778,0.2975,0.0801243782043457
1.375663,0.30291666666666667,1.3757144,0.30083333333333334,0.08193039894104004
1.3751614,0.30583333333333335,1.3752484,0.305,0.08369016647338867
1.3746591,0.3095833333333333,1.3747818,0.3070833333333333,0.08544158935546875
1.3741554,0.31322916666666667,1.3743137,0.31083333333333335,0.08724808692932129
1.3736492,0.3179166666666667,1.3738425,0.315,0.08900904655456543
1.3731402,0.32197916666666665,1.3733679,0.31708333333333333,0.09076762199401855
1.3726279,0.32677083333333334,1.37289,0.32166666666666666,0.09253644943237305
1.3721129,0.330625,1.3724078,0.32458333333333333,0.09429287910461426
1.3715949,0.33447916666666666,1.3719236,0.3283333333333333,0.09605693817138672
1.3710732,0.3388541666666667,1.3714354,0.33208333333333334,0.09790968894958496
1.3705474,0.34208333333333335,1.3709445,0.33666666666666667,0.09975337982177734
1.3700179,0.3460416666666667,1.3704497,0.34041666666666665,0.1015770435333252
1.3694836,0.35010416666666666,1.3699497,0.3416666666666667,0.1033778190612793
1.368944,0.353125,1.3694444,0.345,0.10514211654663086
1.3683993,0.3572916666666667,1.368934,0.34625,0.10695385932922363
1.3678496,0.36072916666666666,1.3684168,0.35083333333333333,0.10876870155334473
1.3672937,0.3645833333333333,1.3678933,0.35375,0.11052298545837402
1.366733,0.36822916666666666,1.3673632,0.3575,0.11229228973388672
1.366167,0.3725,1.3668253,0.3591666666666667,0.11404800415039062
1.3655946,0.37572916666666667,1.3662817,0.36291666666666667,0.11581659317016602
1.365017,0.37895833333333334,1.3657321,0.3675,0.11757969856262207
1.3644336,0.3821875,1.3651751,0.37125,0.11933374404907227
1.363844,0.3853125,1.3646108,0.37333333333333335,0.1210947036743164
1.3632485,0.3879166666666667,1.3640399,0.37375,0.1228492259979248
1.3626462,0.3915625,1.3634626,0.3775,0.1246802806854248
1.3620362,0.39510416666666665,1.3628782,0.37833333333333335,0.12644195556640625
1.361419,0.39958333333333335,1.3622868,0.38,0.1282062530517578
1.3607941,0.404375,1.3616885,0.385,0.12995338439941406
1.3601612,0.4078125,1.3610827,0.39166666666666666,0.13173460960388184
1.3595202,0.41125,1.3604678,0.395,0.1334991455078125
1.3588715,0.41354166666666664,1.3598449,0.3983333333333333,0.13525843620300293
1.3582149,0.41729166666666667,1.3592147,0.4041666666666667,0.1370224952697754
1.357551,0.42270833333333335,1.3585765,0.4083333333333333,0.1387782096862793
1.3568798,0.42625,1.3579308,0.41125,0.14055681228637695
1.3562009,0.4296875,1.3572766,0.41375,0.14231348037719727
1.3555139,0.43395833333333333,1.3566142,0.4170833333333333,0.14406847953796387
1.3548183,0.4377083333333333,1.3559432,0.42041666666666666,0.14582085609436035
1.354114,0.4405208333333333,1.355261,0.425,0.14765572547912598
1.3534003,0.4448958333333333,1.3545698,0.42833333333333334,0.14941930770874023
1.3526775,0.44614583333333335,1.3538697,0.43166666666666664,0.15116143226623535
1.3519459,0.44927083333333334,1.3531623,0.4345833333333333,0.1530153751373291
1.3512056,0.4525,1.3524458,0.43875,0.15478157997131348
1.3504559,0.4560416666666667,1.3517189,0.44166666666666665,0.1565532684326172
1.3496958,0.4584375,1.3509804,0.44375,0.15831756591796875
1.3489251,0.4611458333333333,1.3502321,0.44708333333333333,0.16007757186889648
1.3481442,0.46416666666666667,1.3494738,0.45,0.16182994842529297
1.3473527,0.46552083333333333,1.3487045,0.4504166666666667,0.16359400749206543
1.3465494,0.46822916666666664,1.3479247,0.45166666666666666,0.16534161567687988
1.3457354,0.47052083333333333,1.3471344,0.4529166666666667,0.16728901863098145
1.3449105,0.47229166666666667,1.3463336,0.45666666666666667,0.16906356811523438
1.3440745,0.47489583333333335,1.3455211,0.46,0.17081928253173828
1.3432266,0.47625,1.3446957,0.4608333333333333,0.17257142066955566
1.342366,0.47760416666666666,1.343858,0.4633333333333333,0.17433738708496094
1.3414928,0.479375,1.3430079,0.46416666666666667,0.1760997772216797
1.3406072,0.48052083333333334,1.3421457,0.46458333333333335,0.1779325008392334
1.3397092,0.4809375,1.3412702,0.46625,0.17970514297485352
1.3387977,0.4822916666666667,1.3403805,0.46708333333333335,0.18146657943725586
1.3378727,0.48333333333333334,1.3394793,0.46708333333333335,0.18321561813354492
1.3369353,0.4839583333333333,1.3385646,0.46625,0.18497347831726074
1.3359841,0.4847916666666667,1.3376378,0.4666666666666667,0.18673014640808105
1.3350201,0.48520833333333335,1.3366984,0.46791666666666665,0.1885085105895996
1.3340423,0.48541666666666666,1.3357465,0.4691666666666667,0.19026517868041992
1.333052,0.48572916666666666,1.3347831,0.46875,0.19201946258544922
1.3320494,0.48614583333333333,1.3338058,0.46958333333333335,0.1937704086303711
1.3310337,0.4869791666666667,1.3328149,0.46875,0.19552826881408691
1.3300029,0.488125,1.33181,0.47041666666666665,0.1973557472229004
1.3289574,0.4890625,1.3307908,0.4725,0.19916558265686035
1.3278978,0.4891666666666667,1.3297566,0.47333333333333333,0.20098471641540527
1.3268232,0.4891666666666667,1.3287085,0.47541666666666665,0.2027430534362793
1.3257343,0.489375,1.3276461,0.47583333333333333,0.2045726776123047
1.3246304,0.4895833333333333,1.3265691,0.47583333333333333,0.20633459091186523
1.3235117,0.4897916666666667,1.3254783,0.47625,0.20809483528137207
1.3223778,0.49041666666666667,1.3243724,0.4775,0.20984673500061035
1.3212286,0.49166666666666664,1.3232516,0.47708333333333336,0.21163177490234375
1.3200645,0.4917708333333333,1.3221152,0.4775,0.2133791446685791
1.3188854,0.491875,1.3209635,0.47875,0.21520018577575684
1.3176908,0.4923958333333333,1.3197962,0.48083333333333333,0.21703052520751953
1.3164806,0.4926041666666667,1.3186134,0.48125,0.2188420295715332
1.3152548,0.49302083333333335,1.3174148,0.48,0.2205960750579834
1.314013,0.4926041666666667,1.3162006,0.48,0.22234511375427246
1.312755,0.4923958333333333,1.3149706,0.48041666666666666,0.22416019439697266
1.311481,0.49375,1.3137251,0.4816666666666667,0.22597217559814453
1.3101913,0.49364583333333334,1.3124638,0.48083333333333333,0.22773146629333496
1.3088851,0.4940625,1.3111854,0.48041666666666666,0.2295382022857666
1.307562,0.49385416666666665,1.3098912,0.48041666666666666,0.2312922477722168
1.3062233,0.4934375,1.3085805,0.48083333333333333,0.23305940628051758
1.3048676,0.4923958333333333,1.3072536,0.4816666666666667,0.23481965065002441
1.303495,0.4926041666666667,1.3059101,0.4825,0.23657655715942383
1.3021051,0.493125,1.3045504,0.48083333333333333,0.23831939697265625
1.3006991,0.493125,1.3031745,0.4816666666666667,0.24013280868530273
1.2992765,0.49270833333333336,1.3017817,0.4820833333333333,0.24194002151489258
1.2978375,0.4928125,1.300372,0.48291666666666666,0.2437734603881836
1.2963817,0.4925,1.2989457,0.48291666666666666,0.24553513526916504
1.2949082,0.49291666666666667,1.2975028,0.48291666666666666,0.24734783172607422
1.2934178,0.49354166666666666,1.2960446,0.4820833333333333,0.24916696548461914
1.2919115,0.49364583333333334,1.2945701,0.4825,0.2509737014770508
1.290389,0.49385416666666665,1.2930793,0.48291666666666666,0.2527456283569336
1.2888494,0.4934375,1.291572,0.48291666666666666,0.2545475959777832
1.2872928,0.49416666666666664,1.2900482,0.48291666666666666,0.25631165504455566
1.2857192,0.49322916666666666,1.2885079,0.48291666666666666,0.258070707321167
1.2841295,0.49416666666666664,1.2869499,0.48291666666666666,0.2598292827606201
1.2825228,0.49395833333333333,1.2853748,0.48333333333333334,0.26158618927001953
1.2808983,0.4940625,1.2837826,0.48291666666666666,0.26334166526794434
1.2792577,0.494375,1.2821747,0.4820833333333333,0.26510095596313477
1.2776011,0.49395833333333333,1.2805505,0.48125,0.2668492794036865
1.2759284,0.49385416666666665,1.2789129,0.4816666666666667,0.2686123847961426
1.2742398,0.49395833333333333,1.2772593,0.4825,0.27036213874816895
1.2725352,0.4934375,1.2755897,0.48333333333333334,0.2721371650695801
1.2708142,0.49395833333333333,1.273904,0.4841666666666667,0.2738790512084961
1.269077,0.49416666666666664,1.2722028,0.485,0.2756466865539551
1.2673242,0.4944791666666667,1.2704861,0.48625,0.27746152877807617
1.2655555,0.4946875,1.2687548,0.48625,0.2792062759399414
1.2637707,0.49541666666666667,1.2670095,0.4870833333333333,0.2810359001159668
1.26197,0.49583333333333335,1.2652495,0.4875,0.28279638290405273
1.2601533,0.49583333333333335,1.2634742,0.48791666666666667,0.28456616401672363
1.2583213,0.49604166666666666,1.2616853,0.4875,0.2863152027130127
1.2564741,0.49604166666666666,1.2598823,0.4870833333333333,0.28813624382019043
1.2546115,0.49614583333333334,1.2580655,0.4875,0.28995370864868164
1.2527335,0.49604166666666666,1.2562345,0.48875,0.2917182445526123
1.2508408,0.49677083333333333,1.2543889,0.48875,0.29346513748168945
1.2489324,0.4971875,1.2525303,0.48791666666666667,0.29528021812438965
1.2470098,0.4970833333333333,1.2506565,0.48833333333333334,0.2970421314239502
1.2450708,0.4972916666666667,1.2487693,0.4891666666666667,0.2988545894622803
1.243117,0.4973958333333333,1.2468698,0.48875,0.30060815811157227
1.2411497,0.4978125,1.2449571,0.48875,0.30236196517944336
1.239169,0.49822916666666667,1.2430311,0.48875,0.3041825294494629
1.2371752,0.49854166666666666,1.2410926,0.4891666666666667,0.30593085289001465
1.2351685,0.49895833333333334,1.2391411,0.48875,0.3077049255371094
1.233148,0.499375,1.2371774,0.48833333333333334,0.3094770908355713
1.2311141,0.5,1.2352014,0.48875,0.3112332820892334
1.2290673,0.5005208333333333,1.2332135,0.4891666666666667,0.31299853324890137
1.2270074,0.5007291666666667,1.2312133,0.4895833333333333,0.3147575855255127
1.224935,0.5010416666666667,1.2292019,0.4895833333333333,0.31658172607421875
1.2228515,0.5017708333333334,1.2271788,0.49083333333333334,0.3183317184448242
1.2207562,0.5021875,1.2251452,0.49083333333333334,0.32016563415527344
1.2186499,0.5021875,1.2231007,0.49125,0.3219270706176758
1.2165326,0.5026041666666666,1.2210453,0.49166666666666664,0.32369112968444824
1.2144041,0.5028125,1.2189792,0.49083333333333334,0.3255045413970947
1.2122649,0.5028125,1.2169036,0.49291666666666667,0.32725095748901367
1.2101159,0.5036458333333333,1.2148161,0.49291666666666667,0.3290102481842041
1.2079555,0.5035416666666667,1.2127165,0.49416666666666664,0.3307638168334961
1.2057846,0.5039583333333333,1.2106069,0.4945833333333333,0.33254003524780273
1.2036033,0.5045833333333334,1.2084861,0.49416666666666664,0.3343007564544678
1.2014116,0.5046875,1.2063564,0.49375,0.3361198902130127
1.1992105,0.5048958333333333,1.2042184,0.49416666666666664,0.33786797523498535
1.197001,0.5052083333333334,1.2020715,0.495,0.3396880626678467
1.1947827,0.5054166666666666,1.1999156,0.495,0.34150075912475586
1.1925554,0.5061458333333333,1.1977508,0.49583333333333335,0.34325361251831055
1.1903191,0.5071875,1.1955777,0.4970833333333333,0.34500789642333984
1.1880728,0.5071875,1.1933947,0.49666666666666665,0.34676074981689453
1.1858189,0.5080208333333334,1.1912026,0.49666666666666665,0.34853243827819824
1.1835569,0.50875,1.1890041,0.4970833333333333,0.3502848148345947
1.1812884,0.5090625,1.1867986,0.4970833333333333,0.35204410552978516
1.1790127,0.5089583333333333,1.1845855,0.49833333333333335,0.35379743576049805
1.1767291,0.5095833333333334,1.1823636,0.49875,0.3556201457977295
1.1744375,0.51,1.1801348,0.49833333333333335,0.357424259185791
1.1721395,0.510625,1.1778997,0.5,0.3591737747192383
1.169835,0.5114583333333333,1.1756577,0.5,0.3609302043914795
1.1675249,0.5117708333333333,1.1734109,0.50125,0.36267733573913574
1.1652101,0.5121875,1.1711588,0.5008333333333334,0.364438533782959
1.1628898,0.5127083333333333,1.1689003,0.5008333333333334,0.36620020866394043
1.1605642,0.5135416666666667,1.1666365,0.5020833333333333,0.3679690361022949
1.1582329,0.5136458333333334,1.1643668,0.50375,0.36972904205322266
1.1558957,0.5144791666666667,1.162093,0.50375,0.37148237228393555
1.1535537,0.5151041666666667,1.1598152,0.505,0.3732423782348633
1.1512073,0.5155208333333333,1.1575344,0.505,0.3749966621398926
1.1488571,0.5159375,1.1552494,0.50625,0.3767509460449219
1.1465031,0.5166666666666667,1.1529609,0.5058333333333334,0.3785066604614258
1.1441462,0.5175,1.1506704,0.50625,0.38027477264404297
1.1417862,0.5179166666666667,1.1483761,0.5075,0.3820157051086426
1.1394227,0.5183333333333333,1.1460779,0.5079166666666667,0.3837730884552002
1.1370552,0.5192708333333333,1.1437759,0.5079166666666667,0.38559985160827637
1.1346849,0.5198958333333333,1.1414709,0.5079166666666667,0.38734984397888184
1.1323129,0.5207291666666667,1.1391637,0.5075,0.38917112350463867
1.1299406,0.5213541666666667,1.136854,0.5079166666666667,0.39098024368286133
1.1275668,0.5217708333333333,1.1345425,0.5083333333333333,0.39273929595947266
1.1251919,0.5223958333333333,1.1322299,0.5091666666666667,0.3944978713989258
1.122816,0.5230208333333334,1.1299157,0.5095833333333334,0.396256685256958
1.1204394,0.52375,1.1276002,0.51,0.3979935646057129
1.1180624,0.524375,1.1252826,0.51125,0.3997459411621094
1.1156842,0.5247916666666667,1.1229634,0.5120833333333333,0.40149831771850586
1.1133049,0.5260416666666666,1.1206425,0.5125,0.40324974060058594
1.1109247,0.5265625,1.1183203,0.5129166666666667,0.4050636291503906
1.108544,0.526875,1.1159985,0.5129166666666667,0.4068737030029297
1.1061646,0.5278125,1.1136774,0.5129166666666667,0.4086916446685791
1.1037855,0.5285416666666667,1.1113553,0.5129166666666667,0.41043901443481445
1.1014076,0.529375,1.1090337,0.5133333333333333,0.41219592094421387
1.0990313,0.5297916666666667,1.1067142,0.51375,0.4139420986175537
1.0966574,0.5304166666666666,1.1043956,0.515,0.41570019721984863
1.0942838,0.5310416666666666,1.1020762,0.5170833333333333,0.4174513816833496
1.0919113,0.5317708333333333,1.0997581,0.5195833333333333,0.4192054271697998
1.089541,0.533125,1.0974424,0.5195833333333333,0.4209616184234619
1.0871738,0.5338541666666666,1.0951298,0.5208333333333334,0.42271924018859863
1.0848094,0.535,1.0928197,0.5216666666666666,0.4244844913482666
1.082448,0.535625,1.0905118,0.5225,0.42624449729919434
1.0800894,0.53625,1.0882059,0.5229166666666667,0.4279959201812744
1.0777328,0.536875,1.0859017,0.5229166666666667,0.42981648445129395
1.0753783,0.5373958333333333,1.0835998,0.5241666666666667,0.4315800666809082
1.0730268,0.5379166666666667,1.0812994,0.5254166666666666,0.43332791328430176
1.070678,0.5384375,1.0790026,0.5258333333333334,0.4350762367248535
1.068333,0.5391666666666667,1.0767087,0.5279166666666667,0.4368433952331543
1.0659913,0.5395833333333333,1.0744182,0.5283333333333333,0.4385952949523926
1.0636538,0.5405208333333333,1.0721316,0.5304166666666666,0.44042420387268066
1.0613213,0.5408333333333334,1.069847,0.53125,0.4421842098236084
1.0589937,0.5414583333333334,1.067567,0.5316666666666666,0.44395017623901367
1.0566708,0.5423958333333333,1.06529,0.5325,0.4457061290740967
1.0543518,0.5430208333333333,1.0630177,0.5333333333333333,0.4474661350250244
1.0520384,0.5438541666666666,1.0607504,0.5354166666666667,0.4492218494415283
1.0497304,0.544375,1.0584884,0.53625,0.45096468925476074
1.0474285,0.545625,1.0562309,0.5370833333333334,0.45280003547668457
1.0451318,0.5464583333333334,1.053978,0.5375,0.4545571804046631
1.0428414,0.5476041666666667,1.0517309,0.5383333333333333,0.45638298988342285
1.0405575,0.54875,1.0494883,0.53875,0.45814013481140137
1.0382805,0.5491666666666667,1.0472515,0.5408333333333334,0.4599170684814453
1.0360098,0.55,1.045021,0.54125,0.4617321491241455
1.0337467,0.5509375,1.0427957,0.5416666666666666,0.46349215507507324
1.0314903,0.5521875,1.0405772,0.5433333333333333,0.46525025367736816
1.0292417,0.5535416666666667,1.0383652,0.5445833333333333,0.46700358390808105
1.0270001,0.5546875,1.0361596,0.54625,0.46877264976501465
1.0247655,0.5557291666666667,1.03396,0.5466666666666666,0.4705958366394043
1.0225382,0.5565625,1.0317667,0.5466666666666666,0.4723653793334961
1.020318,0.5577083333333334,1.0295795,0.5483333333333333,0.47412562370300293
1.0181053,0.5583333333333333,1.027399,0.54875,0.47589921951293945
1.0159003,0.5592708333333334,1.0252256,0.54875,0.47767066955566406
1.013703,0.5605208333333334,1.0230603,0.5504166666666667,0.4794657230377197
1.0115138,0.5610416666666667,1.0209025,0.5504166666666667,0.4812331199645996
1.0093329,0.5620833333333334,1.0187521,0.5504166666666667,0.48300743103027344
1.0071602,0.5620833333333334,1.0166103,0.5516666666666666,0.48478055000305176
1.0049957,0.5627083333333334,1.0144756,0.55375,0.4865450859069824
1.0028392,0.5634375,1.0123487,0.5541666666666667,0.48838233947753906
1.0006915,0.5641666666666667,1.0102285,0.555,0.4901564121246338
0.99855196,0.5647916666666667,1.0081156,0.5554166666666667,0.4919412136077881
0.9964208,0.5660416666666667,1.0060102,0.5554166666666667,0.49370455741882324
0.9942974,0.5667708333333333,1.0039122,0.5554166666666667,0.49547529220581055
0.9921825,0.5670833333333334,1.0018234,0.55625,0.49722814559936523
0.99007773,0.5682291666666667,0.99974304,0.5558333333333333,0.49904608726501465
0.98798156,0.5685416666666666,0.99767184,0.5575,0.5008728504180908
0.98589486,0.569375,0.99560994,0.5575,0.5026302337646484
0.9838175,0.5702083333333333,0.9935566,0.55875,0.504387378692627
0.98174906,0.570625,0.9915118,0.56,0.5061357021331787
0.9796891,0.5726041666666667,0.9894758,0.5604166666666667,0.5078966617584229
0.97763884,0.5735416666666666,0.9874474,0.56,0.5096995830535889
0.97559774,0.574375,0.98542714,0.56,0.5114583969116211
0.9735662,0.5752083333333333,0.98341554,0.5616666666666666,0.5132706165313721
0.9715439,0.575625,0.98141277,0.5616666666666666,0.515023946762085
0.9695308,0.5767708333333333,0.9794182,0.5620833333333334,0.5167927742004395
0.96752673,0.5779166666666666,0.97743136,0.5629166666666666,0.5186035633087158
0.9655324,0.5790625,0.97545266,0.5633333333333334,0.5203635692596436
0.96354735,0.5802083333333333,0.97348183,0.5641666666666667,0.5221738815307617
0.96157205,0.58125,0.9715199,0.5654166666666667,0.523993730545044
0.9596054,0.5821875,0.9695665,0.5670833333333334,0.5257468223571777
0.9576481,0.5833333333333334,0.96762186,0.5675,0.5275657176971436
0.95569956,0.5844791666666667,0.9656856,0.57,0.5293223857879639
0.95375985,0.5859375,0.9637581,0.5708333333333333,0.5310764312744141
0.95182943,0.5873958333333333,0.9618406,0.57125,0.5328593254089355
0.94990957,0.5888541666666667,0.9599333,0.5716666666666667,0.5346274375915527
0.9480003,0.5903125,0.958035,0.5729166666666666,0.5364780426025391
0.9461005,0.5917708333333334,0.9561455,0.5754166666666667,0.5382885932922363
0.94421,0.5930208333333333,0.95426494,0.5754166666666667,0.5400495529174805
0.9423291,0.5939583333333334,0.9523935,0.57625,0.5417964458465576
0.94045776,0.5954166666666667,0.9505314,0.5770833333333333,0.5435585975646973
0.9385957,0.5969791666666666,0.9486786,0.5766666666666667,0.5453197956085205
0.9367428,0.598125,0.94683576,0.5770833333333333,0.5470719337463379
0.9348994,0.5992708333333333,0.9450017,0.5779166666666666,0.5488336086273193
0.9330649,0.6005208333333333,0.94317585,0.5795833333333333,0.5505902767181396
0.9312396,0.6015625,0.9413593,0.58375,0.5523440837860107
0.9294238,0.603125,0.9395511,0.585,0.5541021823883057
0.9276172,0.6045833333333334,0.9377525,0.5854166666666667,0.5558621883392334
0.9258204,0.6064583333333333,0.9359632,0.5879166666666666,0.557614803314209
0.9240337,0.6077083333333333,0.93418264,0.5895833333333333,0.559368371963501
0.9222562,0.6088541666666667,0.93241173,0.5925,0.5612940788269043
0.920488,0.6098958333333333,0.93065137,0.59375,0.5631015300750732
0.9187294,0.6109375,0.92889935,0.5954166666666667,0.5648674964904785
0.91698027,0.6117708333333334,0.92715687,0.5954166666666667,0.5666255950927734
0.91524106,0.6125,0.9254225,0.5966666666666667,0.5683884620666504
0.91351026,0.6138541666666667,0.923697,0.5975,0.5701403617858887
0.9117884,0.6154166666666666,0.9219809,0.59875,0.5718913078308105
0.9100765,0.616875,0.9202744,0.5991666666666666,0.5736439228057861
0.90837413,0.6173958333333334,0.91857725,0.6008333333333333,0.5754725933074951
0.9066813,0.6185416666666667,0.91688913,0.60125,0.5772802829742432
0.90499747,0.6192708333333333,0.91520935,0.6025,0.5790324211120605
0.90332305,0.6198958333333333,0.9135388,0.60375,0.5807902812957764
0.9016581,0.6217708333333334,0.91187674,0.6041666666666666,0.582542896270752
0.9000024,0.6225,0.9102243,0.60625,0.5843102931976318
0.89835644,0.6241666666666666,0.90858126,0.6079166666666667,0.5861201286315918
0.8967199,0.6257291666666667,0.90694684,0.61,0.5878832340240479
0.8950928,0.6276041666666666,0.9053221,0.6108333333333333,0.5896334648132324
0.89347476,0.629375,0.90370584,0.61125,0.5914485454559326
0.89186543,0.6310416666666666,0.9020987,0.6108333333333333,0.5932059288024902
0.8902653,0.633125,0.9005013,0.6116666666666667,0.5950050354003906
0.88867414,0.6342708333333333,0.8989131,0.6125,0.5967605113983154
0.8870924,0.6355208333333333,0.8973338,0.6125,0.5985360145568848
0.8855196,0.6364583333333333,0.8957626,0.6141666666666666,0.6003499031066895
0.88395536,0.6369791666666667,0.89420044,0.6154166666666666,0.6021013259887695
0.8823999,0.6379166666666667,0.8926461,0.61625,0.603853702545166
0.88085294,0.6388541666666666,0.8911009,0.6170833333333333,0.6055948734283447
0.8793149,0.6397916666666666,0.88956434,0.6183333333333333,0.607332706451416
0.87778556,0.6409375,0.8880359,0.6204166666666666,0.6091368198394775
0.87626475,0.641875,0.8865153,0.6208333333333333,0.6109700202941895
0.8747521,0.6433333333333333,0.88500386,0.62125,0.6127257347106934
0.8732486,0.6442708333333333,0.8835014,0.62375,0.6144700050354004
0.87175375,0.645,0.88200706,0.625,0.6162934303283691
0.8702675,0.6457291666666667,0.88052183,0.6258333333333334,0.6180446147918701
0.86879,0.646875,0.8790449,0.6270833333333333,0.6198115348815918
0.86732084,0.6478125,0.8775767,0.6275,0.6216325759887695
0.86586,0.6494791666666667,0.87611616,0.6283333333333333,0.6233892440795898
0.86440706,0.6509375,0.8746637,0.6316666666666667,0.6251552104949951
0.8629624,0.6516666666666666,0.8732191,0.6333333333333333,0.6269152164459229
0.8615258,0.6521875,0.8717823,0.6333333333333333,0.6286787986755371
0.86009717,0.6528125,0.8703544,0.6341666666666667,0.6304421424865723
0.8586771,0.6540625,0.8689339,0.6345833333333334,0.6322014331817627
0.8572646,0.655,0.86752146,0.6366666666666667,0.6340141296386719
0.8558602,0.6566666666666666,0.86611694,0.6366666666666667,0.6358325481414795
0.8544637,0.6571875,0.86472034,0.6383333333333333,0.6375901699066162
0.853075,0.6582291666666666,0.86333174,0.6383333333333333,0.6393516063690186
0.85169417,0.6589583333333333,0.8619508,0.6391666666666667,0.6411082744598389
0.8503212,0.6595833333333333,0.8605777,0.6416666666666667,0.6428627967834473
0.84895563,0.6607291666666667,0.8592122,0.6420833333333333,0.6446208953857422
0.8475978,0.6609375,0.8578546,0.6425,0.6463775634765625
0.84624773,0.6622916666666666,0.8565045,0.64375,0.6481239795684814
0.8449053,0.6634375,0.85516214,0.6445833333333333,0.6499438285827637
0.8435702,0.6642708333333334,0.8538269,0.64625,0.6517579555511475
0.84224254,0.664375,0.85249877,0.6479166666666667,0.6535773277282715
0.84092176,0.6648958333333334,0.85117775,0.6483333333333333,0.6553936004638672
0.8396081,0.6661458333333333,0.8498635,0.6495833333333333,0.6571576595306396
0.8383014,0.6670833333333334,0.84855616,0.6516666666666666,0.6589016914367676
0.83700204,0.6680208333333333,0.84725624,0.6533333333333333,0.6606595516204834
0.8357096,0.669375,0.8459635,0.6529166666666667,0.6624088287353516
0.8344243,0.6698958333333334,0.84467787,0.6533333333333333,0.6641659736633301
0.83314574,0.6705208333333333,0.84339917,0.6541666666666667,0.6659219264984131
0.83187395,0.6715625,0.84212726,0.6554166666666666,0.6676890850067139
0.8306089,0.6727083333333334,0.84086233,0.6558333333333334,0.6694431304931641
0.8293504,0.6739583333333333,0.8396043,0.6570833333333334,0.671262264251709
0.82809865,0.6753125,0.8383529,0.6579166666666667,0.673079252243042
0.82685345,0.6758333333333333,0.8371085,0.65875,0.6748266220092773
0.8256151,0.6763541666666667,0.8358704,0.6591666666666667,0.6766436100006104
0.82438314,0.6777083333333334,0.8346387,0.6595833333333333,0.6784589290618896
0.82315785,0.6784375,0.8334137,0.6616666666666666,0.6802191734313965
0.82193893,0.679375,0.83219534,0.6629166666666667,0.6819641590118408
0.8207265,0.6805208333333334,0.83098316,0.6625,0.6837368011474609
0.8195205,0.6813541666666667,0.82977766,0.66375,0.685492753982544
0.81832093,0.681875,0.8285785,0.6641666666666667,0.6872472763061523
0.8171275,0.6829166666666666,0.8273856,0.6654166666666667,0.6890647411346436
0.8159408,0.6834375,0.82619864,0.6658333333333334,0.6908001899719238
0.8147603,0.6840625,0.8250172,0.66625,0.6925628185272217
0.81358594,0.6847916666666667,0.82384175,0.6675,0.6943142414093018
0.8124178,0.6854166666666667,0.8226723,0.6679166666666667,0.696075439453125
0.81125563,0.6863541666666667,0.8215091,0.6683333333333333,0.6978349685668945
0.81009954,0.6869791666666667,0.8203516,0.6683333333333333,0.699653148651123
0.8089493,0.6876041666666667,0.81919974,0.6691666666666667,0.7014617919921875
0.8078049,0.688125,0.8180535,0.6704166666666667,0.703216552734375
0.8066664,0.6882291666666667,0.81691295,0.6708333333333333,0.7050418853759766
0.80553323,0.68875,0.8157777,0.6720833333333334,0.7067966461181641
0.8044058,0.6895833333333333,0.8146484,0.6733333333333333,0.7085609436035156
0.8032838,0.6908333333333333,0.8135249,0.6741666666666667,0.7103166580200195
0.8021674,0.6911458333333333,0.8124074,0.675,0.712073802947998
0.801057,0.6921875,0.81129545,0.6741666666666667,0.7138922214508057
0.7999519,0.693125,0.81018907,0.6745833333333333,0.7157025337219238
0.79885256,0.6942708333333333,0.80908793,0.675,0.71744704246521
0.7977587,0.695,0.8079926,0.6758333333333333,0.7191958427429199
0.79667026,0.6957291666666666,0.8069027,0.67625,0.7209467887878418
0.79558724,0.6961458333333334,0.80581784,0.6758333333333333,0.7226972579956055
0.7945095,0.6964583333333333,0.804738,0.6775,0.724515438079834
0.7934369,0.696875,0.8036633,0.6791666666666667,0.7262594699859619
0.79236966,0.6975,0.80259395,0.6816666666666666,0.7280714511871338
0.7913079,0.6985416666666666,0.8015301,0.6833333333333333,0.7298793792724609
0.7902515,0.6990625,0.800472,0.6845833333333333,0.7316493988037109
0.7892004,0.6995833333333333,0.7994194,0.6854166666666667,0.7333970069885254
0.78815454,0.7002083333333333,0.7983721,0.6866666666666666,0.7351987361907959
0.7871138,0.70125,0.79733026,0.6870833333333334,0.7370305061340332
0.7860782,0.7013541666666666,0.7962933,0.6870833333333334,0.7387974262237549
0.78504753,0.7019791666666667,0.7952611,0.6883333333333334,0.7405576705932617
0.78402203,0.7026041666666667,0.7942342,0.6895833333333333,0.7423059940338135
0.78300154,0.7028125,0.7932121,0.6904166666666667,0.7440664768218994
0.781986,0.7040625,0.7921949,0.6916666666666667,0.7458176612854004
0.7809755,0.7051041666666666,0.7911826,0.6925,0.7475862503051758
0.77997,0.7061458333333334,0.7901754,0.6933333333333334,0.7493395805358887
0.7789692,0.7066666666666667,0.7891729,0.6945833333333333,0.7510871887207031
0.7779733,0.7072916666666667,0.7881754,0.695,0.7528343200683594
0.77698207,0.7079166666666666,0.78718257,0.695,0.7545793056488037
0.77599555,0.7085416666666666,0.786194,0.69625,0.7563390731811523
0.7750136,0.7088541666666667,0.78521043,0.6970833333333334,0.7580893039703369
0.7740364,0.7094791666666667,0.7842314,0.6970833333333334,0.7598443031311035
0.77306366,0.7102083333333333,0.78325725,0.6979166666666666,0.7616169452667236
0.77209556,0.7107291666666666,0.78228796,0.6983333333333334,0.7633662223815918
0.7711322,0.71125,0.78132325,0.6983333333333334,0.7651224136352539
0.77017295,0.7117708333333334,0.7803631,0.6983333333333334,0.7668707370758057
0.7692177,0.7122916666666667,0.77940756,0.69875,0.768622875213623
0.7682671,0.7127083333333334,0.7784567,0.7,0.7703604698181152
0.76732105,0.7133333333333334,0.7775099,0.70125,0.7722785472869873
0.7663792,0.7140625,0.77656764,0.7020833333333333,0.7740998268127441
0.7654418,0.7148958333333333,0.7756296,0.7025,0.7758593559265137
0.7645088,0.7147916666666667,0.7746955,0.7029166666666666,0.7776720523834229
0.7635801,0.7157291666666666,0.7737657,0.7045833333333333,0.7794923782348633
0.7626553,0.7160416666666667,0.7728398,0.7054166666666667,0.7812435626983643
0.7617348,0.7166666666666667,0.77191836,0.7066666666666667,0.7829968929290771
0.7608184,0.7169791666666666,0.77100146,0.7070833333333333,0.7847590446472168
0.75990623,0.7177083333333333,0.7700891,0.7075,0.7865056991577148
0.75899816,0.7185416666666666,0.7691809,0.7079166666666666,0.7882654666900635
0.7580943,0.7196875,0.768277,0.7075,0.7900137901306152
0.75719464,0.7202083333333333,0.76737726,0.7095833333333333,0.7917664051055908
0.7562988,0.7208333333333333,0.7664812,0.7095833333333333,0.7935185432434082
0.755407,0.7211458333333334,0.7655894,0.71125,0.7952735424041748
0.7545192,0.7215625,0.7647016,0.71125,0.7970356941223145
0.7536356,0.7221875,0.7638178,0.7120833333333333,0.7987937927246094
0.75275594,0.7228125,0.7629377,0.7133333333333334,0.8005530834197998
0.7518801,0.7234375,0.7620613,0.7133333333333334,0.8023707866668701
0.75100803,0.7241666666666666,0.76118875,0.7133333333333334,0.8041224479675293
0.75013995,0.7248958333333333,0.76032007,0.71375,0.8058667182922363
0.7492755,0.725625,0.7594551,0.715,0.8076918125152588
0.74841464,0.7258333333333333,0.75859356,0.7158333333333333,0.809504508972168
0.7475575,0.7261458333333334,0.757736,0.7158333333333333,0.8113315105438232
0.7467039,0.7271875,0.75688195,0.7154166666666667,0.8131027221679688
0.745854,0.7276041666666667,0.75603145,0.7166666666666667,0.8148674964904785
0.7450078,0.7278125,0.7551847,0.7170833333333333,0.8166298866271973
0.74416536,0.7282291666666667,0.75434184,0.7175,0.8183872699737549
0.74332654,0.7289583333333334,0.75350255,0.7179166666666666,0.8201487064361572
0.7424914,0.7292708333333333,0.7526671,0.71875,0.8219661712646484
0.74165976,0.7294791666666667,0.7518353,0.7191666666666666,0.8237318992614746
0.7408316,0.7298958333333333,0.75100714,0.7204166666666667,0.8255462646484375
0.7400071,0.7301041666666667,0.7501826,0.72125,0.8273501396179199
0.7391862,0.7307291666666667,0.74936193,0.7220833333333333,0.8291044235229492
0.73836875,0.7316666666666667,0.7485447,0.7220833333333333,0.8309149742126465
0.7375547,0.7319791666666666,0.7477308,0.7225,0.8326659202575684
0.7367443,0.731875,0.7469205,0.7225,0.8344287872314453
0.7359373,0.7321875,0.7461137,0.7220833333333333,0.8361811637878418
0.73513377,0.7326041666666666,0.74531054,0.7229166666666667,0.8379485607147217
0.7343336,0.7335416666666666,0.7445103,0.7229166666666667,0.8397045135498047
0.73353666,0.7340625,0.7437132,0.72375,0.8414523601531982
0.73274285,0.7342708333333333,0.74291956,0.7245833333333334,0.8431992530822754
0.7319525,0.7345833333333334,0.742129,0.725,0.8449609279632568
0.7311653,0.735,0.7413421,0.72625,0.846710205078125
0.73038155,0.7353125,0.7405583,0.7270833333333333,0.8484654426574707
0.7296009,0.7358333333333333,0.739778,0.7279166666666667,0.8502154350280762
0.72882366,0.7361458333333334,0.7390008,0.7275,0.8519730567932129
0.7280494,0.7363541666666666,0.7382267,0.7291666666666666,0.8537294864654541
0.7272785,0.7366666666666667,0.7374561,0.7295833333333334,0.8554980754852295
0.7265106,0.7367708333333334,0.73668826,0.73,0.857252836227417
0.72574556,0.7372916666666667,0.7359239,0.7308333333333333,0.8590719699859619
0.7249838,0.7378125,0.7351626,0.7316666666666667,0.8608291149139404
0.72422516,0.7379166666666667,0.7344047,0.73125,0.8625900745391846
0.7234697,0.7382291666666667,0.73364955,0.73125,0.8644025325775146
0.722717,0.7384375,0.73289764,0.7316666666666667,0.8661534786224365
0.7219674,0.7390625,0.7321489,0.7316666666666667,0.8679752349853516
0.721221,0.7389583333333334,0.7314032,0.7329166666666667,0.8697319030761719
0.7204774,0.7395833333333334,0.73066074,0.7329166666666667,0.8714871406555176
0.71973675,0.7401041666666667,0.7299211,0.7329166666666667,0.8732974529266357
0.71899897,0.740625,0.7291845,0.7333333333333333,0.8750534057617188
0.718264,0.740625,0.7284508,0.7345833333333334,0.8768050670623779
0.7175321,0.74125,0.7277199,0.7341666666666666,0.8785562515258789
0.71680313,0.74125,0.72699225,0.7345833333333334,0.8803145885467529
0.71607715,0.7413541666666666,0.7262673,0.7341666666666666,0.8820643424987793
0.71535397,0.7415625,0.725545,0.7341666666666666,0.8838155269622803
0.7146336,0.7417708333333334,0.7248256,0.7345833333333334,0.8856244087219238
0.71391624,0.7425,0.72410935,0.7354166666666667,0.8873677253723145
0.71320164,0.7426041666666666,0.7233959,0.7358333333333333,0.8891849517822266
0.71248984,0.7429166666666667,0.7226853,0.7354166666666667,0.8909845352172852
0.71178085,0.7434375,0.7219774,0.73625,0.8927366733551025
0.7110746,0.7434375,0.72127265,0.73625,0.8945457935333252
0.7103711,0.7438541666666667,0.7205703,0.73625,0.896355152130127
0.7096705,0.744375,0.71987116,0.7366666666666667,0.8981533050537109
0.7089726,0.745,0.7191746,0.7366666666666667,0.8999605178833008
0.70827734,0.7452083333333334,0.7184805,0.7375,0.9017691612243652
0.70758486,0.7455208333333333,0.71778923,0.7379166666666667,0.9035317897796631
0.7068951,0.7457291666666667,0.71710074,0.7383333333333333,0.9053475856781006
0.706208,0.7458333333333333,0.7164148,0.7391666666666666,0.9071037769317627
0.7055235,0.74625,0.71573126,0.7391666666666666,0.9088740348815918
0.7048416,0.7464583333333333,0.7150504,0.7395833333333334,0.9106862545013428
0.70416236,0.7465625,0.7143726,0.74,0.9125144481658936
0.7034857,0.7465625,0.7136967,0.7404166666666666,0.9142739772796631
0.70281166,0.7466666666666667,0.7130235,0.74,0.9160943031311035
0.70214015,0.746875,0.71235293,0.74,0.9178450107574463
0.7014712,0.7469791666666666,0.7116848,0.7404166666666666,0.9196138381958008
0.70080465,0.7471875,0.71101904,0.7416666666666667,0.9213590621948242
0.70014066,0.7472916666666667,0.7103558,0.74125,0.9231746196746826
0.69947904,0.7476041666666666,0.70969486,0.74125,0.9249904155731201
0.69882,0.7476041666666666,0.7090367,0.7416666666666667,0.9267609119415283
0.6981634,0.7477083333333333,0.7083806,0.7416666666666667,0.9285280704498291
0.697509,0.748125,0.7077267,0.7420833333333333,0.9302823543548584
0.69685686,0.748125,0.70707536,0.7425,0.9320533275604248
0.6962072,0.7485416666666667,0.7064265,0.7425,0.9338133335113525
0.6955599,0.74875,0.7057799,0.7420833333333333,0.935645580291748
0.694915,0.74875,0.7051359,0.7420833333333333,0.9374735355377197
0.6942726,0.7488541666666667,0.70449394,0.7420833333333333,0.9392266273498535
0.6936322,0.7488541666666667,0.7038545,0.7420833333333333,0.9409894943237305
0.69299436,0.7490625,0.7032174,0.7420833333333333,0.9427478313446045
0.6923589,0.749375,0.7025829,0.7429166666666667,0.9445292949676514
0.69172585,0.7501041666666667,0.70195085,0.7429166666666667,0.9462862014770508
0.69109505,0.7503125,0.701321,0.7425,0.9480419158935547
0.69046664,0.7503125,0.7006934,0.7429166666666667,0.9498519897460938
0.6898404,0.7507291666666667,0.70006824,0.7433333333333333,0.9516212940216064
0.68921655,0.7510416666666667,0.69944525,0.7441666666666666,0.953376293182373
0.6885949,0.7508333333333334,0.6988244,0.745,0.9551253318786621
0.6879754,0.7511458333333333,0.69820577,0.7454166666666666,0.9568705558776855
0.68735826,0.7513541666666667,0.69758916,0.7458333333333333,0.958686113357544
0.68674326,0.7509375,0.6969745,0.7458333333333333,0.9605143070220947
0.68613034,0.75125,0.696362,0.7458333333333333,0.9623184204101562
0.6855198,0.7519791666666666,0.69575167,0.7458333333333333,0.9640810489654541
0.68491155,0.751875,0.69514376,0.74625,0.9658341407775879
0.6843055,0.7520833333333333,0.69453776,0.74625,0.9676079750061035
0.68370146,0.7520833333333333,0.6939341,0.74625,0.9693641662597656
0.6830995,0.7520833333333333,0.69333273,0.74625,0.9711086750030518
0.68249977,0.7523958333333334,0.6927332,0.7466666666666667,0.9728684425354004
0.6819023,0.7522916666666667,0.69213617,0.7466666666666667,0.9746904373168945
0.68130684,0.7530208333333334,0.69154114,0.7470833333333333,0.9764506816864014
0.68071353,0.7528125,0.69094825,0.7475,0.9782085418701172
0.68012244,0.7530208333333334,0.6903574,0.7475,0.9800336360931396
0.6795334,0.753125,0.68976855,0.7470833333333333,0.9818429946899414
0.67894655,0.7533333333333333,0.6891819,0.7470833333333333,0.9836061000823975
0.67836195,0.7536458333333333,0.6885973,0.7475,0.9853694438934326
0.6777793,0.75375,0.68801475,0.7475,0.9871165752410889
0.67719865,0.7536458333333333,0.6874345,0.7475,0.9889400005340576
0.67662007,0.7535416666666667,0.6868563,0.7475,0.9906938076019287
0.6760436,0.75375,0.6862802,0.7475,0.9924509525299072
0.67546916,0.7541666666666667,0.68570626,0.7479166666666667,0.9941978454589844
0.6748968,0.754375,0.6851345,0.7483333333333333,0.9960081577301025
0.67432636,0.754375,0.6845647,0.7483333333333333,0.9978187084197998
0.67375815,0.754375,0.6839969,0.7483333333333333,0.9996309280395508
0.67319196,0.754375,0.68343097,0.7483333333333333,1.0013799667358398
0.6726277,0.7548958333333333,0.68286675,0.7479166666666667,1.0031309127807617
0.6720652,0.7548958333333333,0.68230426,0.7491666666666666,1.0048894882202148
0.67150474,0.755,0.6817438,0.7508333333333334,1.006645917892456
0.6709462,0.7551041666666667,0.6811854,0.7516666666666667,1.0084574222564697
0.67038965,0.7551041666666667,0.6806293,0.7516666666666667,1.0102033615112305
0.6698352,0.7553125,0.6800752,0.7516666666666667,1.0119554996490479
0.6692825,0.7555208333333333,0.67952335,0.7516666666666667,1.0137581825256348
0.6687318,0.755625,0.6789732,0.7520833333333333,1.0155863761901855
0.6681829,0.7557291666666667,0.67842513,0.7520833333333333,1.0173985958099365
0.66763616,0.7559375,0.67787915,0.7516666666666667,1.019202709197998
0.66709125,0.7561458333333333,0.67733496,0.7516666666666667,1.021019458770752
0.6665483,0.7563541666666667,0.67679286,0.7525,1.0228304862976074
0.6660071,0.7567708333333333,0.6762521,0.7525,1.0246496200561523
0.66546786,0.7570833333333333,0.67571324,0.7525,1.0264043807983398
0.6649303,0.7576041666666666,0.6751762,0.7525,1.0282163619995117
0.6643946,0.7575,0.67464095,0.7529166666666667,1.0299584865570068
0.66386074,0.7577083333333333,0.67410773,0.7533333333333333,1.0317182540893555
0.6633285,0.7578125,0.6735758,0.7533333333333333,1.0334763526916504
0.6627982,0.758125,0.67304564,0.7533333333333333,1.0352301597595215
0.6622696,0.7582291666666666,0.6725174,0.7533333333333333,1.0369930267333984
0.6617429,0.7585416666666667,0.67199063,0.75375,1.0388028621673584
0.66121787,0.7588541666666667,0.6714656,0.75375,1.040618658065796
0.6606946,0.7594791666666667,0.67094225,0.7541666666666667,1.0423908233642578
0.66017306,0.7597916666666666,0.6704205,0.75375,1.0441555976867676
0.6596533,0.76,0.66990066,0.75375,1.0459139347076416
0.65913534,0.7603125,0.6693827,0.75375,1.0476806163787842
0.6586191,0.7598958333333333,0.6688664,0.7541666666666667,1.0494465827941895
0.6581047,0.7597916666666666,0.6683521,0.7541666666666667,1.0512018203735352
0.657592,0.7597916666666666,0.66783935,0.75375,1.052957534790039
0.65708095,0.7596875,0.6673284,0.75375,1.054774522781372
0.6565717,0.7597916666666666,0.6668192,0.75375,1.0565319061279297
0.65606415,0.7601041666666667,0.66631186,0.75375,1.0582759380340576
0.6555584,0.7602083333333334,0.6658062,0.7541666666666667,1.0600342750549316
0.6550544,0.7604166666666666,0.66530204,0.7541666666666667,1.0617890357971191
0.6545519,0.7605208333333333,0.6647997,0.75375,1.0636212825775146
0.6540512,0.7605208333333333,0.6642991,0.75375,1.0653748512268066
0.65355223,0.7605208333333333,0.6638003,0.7541666666666667,1.067183256149292
0.6530549,0.7604166666666666,0.6633032,0.7541666666666667,1.0689404010772705
0.65255934,0.7604166666666666,0.662808,0.75375,1.0706889629364014
0.65206546,0.760625,0.6623145,0.7541666666666667,1.072504997253418
0.65157336,0.7609375,0.6618229,0.755,1.07425856590271
0.65108275,0.7611458333333333,0.6613327,0.7545833333333334,1.0760133266448975
0.6505938,0.7609375,0.660844,0.7545833333333334,1.0777606964111328
0.65010643,0.7610416666666666,0.6603569,0.7541666666666667,1.0795185565948486
0.6496208,0.76125,0.65987104,0.75375,1.0812692642211914
0.64913654,0.7611458333333333,0.6593868,0.75375,1.0830893516540527
0.6486539,0.76125,0.65890425,0.7533333333333333,1.0848426818847656
0.6481729,0.76125,0.6584232,0.7533333333333333,1.08658766746521
0.6476934,0.7614583333333333,0.6579439,0.7533333333333333,1.0883450508117676
0.6472155,0.7615625,0.6574662,0.7533333333333333,1.0901060104370117
0.6467391,0.7616666666666667,0.6569901,0.7533333333333333,1.0919349193572998
0.6462643,0.761875,0.6565153,0.7533333333333333,1.093749761581421
0.645791,0.7617708333333333,0.656042,0.7533333333333333,1.0955688953399658
0.6453191,0.761875,0.65557015,0.7533333333333333,1.0973289012908936
0.6448487,0.7619791666666667,0.65510017,0.75375,1.0990791320800781
0.64438,0.7619791666666667,0.6546316,0.75375,1.100851058959961
0.6439128,0.7625,0.65416443,0.75375,1.1026723384857178
0.64344704,0.7626041666666666,0.65369886,0.75375,1.1044950485229492
0.6429828,0.7626041666666666,0.6532348,0.75375,1.1062490940093994
0.64252007,0.7626041666666666,0.6527721,0.75375,1.1080060005187988
0.64205873,0.7625,0.65231097,0.75375,1.1097514629364014
0.64159906,0.7627083333333333,0.6518514,0.7541666666666667,1.1115610599517822
0.6411407,0.7628125,0.65139365,0.7545833333333334,1.113309383392334
0.64068395,0.763125,0.6509375,0.7554166666666666,1.1150736808776855
0.6402288,0.7634375,0.6504826,0.75625,1.1169028282165527
0.63977486,0.7636458333333334,0.6500291,0.75625,1.1186532974243164
0.63932246,0.7636458333333334,0.64957696,0.7566666666666667,1.1204793453216553
0.63887155,0.7635416666666667,0.6491265,0.7566666666666667,1.1222505569458008
0.6384222,0.7636458333333334,0.6486773,0.7570833333333333,1.1240618228912354
0.6379741,0.7640625,0.6482296,0.7575,1.125824213027954
0.63752764,0.7642708333333333,0.64778346,0.7575,1.1275818347930908
0.6370826,0.7640625,0.6473388,0.7575,1.129333257675171
0.636639,0.7641666666666667,0.64689547,0.7579166666666667,1.131084680557251
0.63619685,0.7642708333333333,0.6464533,0.7579166666666667,1.1329083442687988
0.63575613,0.7642708333333333,0.6460126,0.7579166666666667,1.1346566677093506
0.6353167,0.764375,0.64557344,0.7579166666666667,1.136409044265747
0.6348788,0.7645833333333333,0.64513534,0.7583333333333333,1.1381587982177734
0.63444227,0.7645833333333333,0.64469874,0.7583333333333333,1.1399202346801758
0.6340069,0.7648958333333333,0.6442633,0.7591666666666667,1.1416690349578857
0.6335732,0.7652083333333334,0.64382946,0.75875,1.143432378768921
0.6331407,0.7652083333333334,0.643397,0.75875,1.1452655792236328
0.6327097,0.7653125,0.6429657,0.75875,1.147078037261963
0.63228,0.7655208333333333,0.6425359,0.7591666666666667,1.1488425731658936
0.6318516,0.7657291666666667,0.6421075,0.7591666666666667,1.1506612300872803
0.63142467,0.7657291666666667,0.6416807,0.7591666666666667,1.1524803638458252
0.63099915,0.7657291666666667,0.64125526,0.75875,1.1542901992797852
0.63057494,0.76625,0.64083105,0.75875,1.1561024188995361
0.63015205,0.7664583333333334,0.64040816,0.75875,1.1578662395477295
0.6297304,0.7666666666666667,0.63998693,0.75875,1.1596267223358154
0.62931025,0.766875,0.63956684,0.7591666666666667,1.1613845825195312
0.62889147,0.7671875,0.63914794,0.7595833333333334,1.1631426811218262
0.6284739,0.7670833333333333,0.63873035,0.7595833333333334,1.1649603843688965
0.6280576,0.7671875,0.6383141,0.7591666666666667,1.1667160987854004
0.6276427,0.7675,0.63789916,0.7595833333333334,1.1685400009155273
0.62722903,0.7676041666666666,0.6374855,0.7595833333333334,1.1703474521636963
0.62681675,0.7676041666666666,0.63707334,0.76,1.172196626663208
0.6264057,0.7678125,0.6366624,0.76,1.1740050315856934
0.625996,0.7678125,0.636253,0.7604166666666666,1.1758298873901367
0.6255876,0.7679166666666667,0.63584477,0.7604166666666666,1.1776065826416016
0.6251805,0.768125,0.6354379,0.7604166666666666,1.1793627738952637
0.6247746,0.7682291666666666,0.63503236,0.7604166666666666,1.1811144351959229
0.62437004,0.768125,0.6346282,0.7604166666666666,1.1828699111938477
0.62396675,0.7683333333333333,0.63422537,0.7604166666666666,1.1846332550048828
0.6235645,0.7682291666666666,0.6338236,0.7604166666666666,1.1863887310028076
0.62316364,0.7683333333333333,0.63342303,0.7604166666666666,1.1881499290466309
0.62276393,0.7684375,0.6330237,0.7608333333333334,1.1899025440216064
0.62236553,0.7684375,0.6326255,0.7608333333333334,1.1916613578796387
0.6219684,0.76875,0.6322287,0.7608333333333334,1.1934194564819336
0.62157226,0.7689583333333333,0.6318331,0.7604166666666666,1.195169448852539
0.62117755,0.7689583333333333,0.63143873,0.7604166666666666,1.1970179080963135
0.620784,0.7690625,0.63104576,0.7604166666666666,1.1987860202789307
0.6203918,0.769375,0.6306539,0.7604166666666666,1.200711965560913
0.62000066,0.7695833333333333,0.6302634,0.7604166666666666,1.202467679977417
0.6196108,0.7698958333333333,0.62987393,0.7608333333333334,1.2043163776397705
0.6192221,0.7698958333333333,0.6294861,0.7608333333333334,1.2060747146606445
0.61883473,0.7697916666666667,0.62909937,0.7616666666666667,1.207904577255249
0.61844844,0.7697916666666667,0.62871397,0.7616666666666667,1.2097198963165283
0.6180635,0.7698958333333333,0.6283297,0.7616666666666667,1.2115397453308105
0.61767983,0.77,0.62794673,0.7616666666666667,1.2133443355560303
0.61729723,0.7705208333333333,0.6275651,0.76125,1.2151014804840088
0.6169159,0.7705208333333333,0.62718457,0.76125,1.2168819904327393
0.6165357,0.7704166666666666,0.62680537,0.7616666666666667,1.2186427116394043
0.61615664,0.770625,0.6264271,0.7616666666666667,1.220522165298462
0.61577874,0.7705208333333333,0.62604994,0.7620833333333333,1.2222826480865479
0.61540204,0.7707291666666667,0.62567395,0.7620833333333333,1.22403883934021
0.6150265,0.7709375,0.6252992,0.7625,1.2257990837097168
0.6146521,0.77125,0.62492543,0.7625,1.227609395980835
0.6142788,0.7714583333333334,0.6245528,0.7625,1.2294182777404785
0.6139066,0.7713541666666667,0.6241814,0.7625,1.231168508529663
0.61353576,0.7716666666666666,0.6238111,0.7625,1.232985258102417
0.61316586,0.7717708333333333,0.62344205,0.7629166666666667,1.2347984313964844
0.6127971,0.7717708333333333,0.62307405,0.7629166666666667,1.2366201877593994
0.61242956,0.7717708333333333,0.62270707,0.7629166666666667,1.2384185791015625
0.61206305,0.771875,0.6223412,0.7629166666666667,1.240187168121338
0.6116976,0.7719791666666667,0.6219765,0.7629166666666667,1.2419426441192627
0.61133343,0.771875,0.62161285,0.7629166666666667,1.2437055110931396
0.61097026,0.7719791666666667,0.62125033,0.7629166666666667,1.2454555034637451
0.61060834,0.7720833333333333,0.6208889,0.7629166666666667,1.2472052574157715
0.6102474,0.7722916666666667,0.6205286,0.76375,1.2489659786224365
0.6098876,0.7723958333333333,0.6201694,0.7641666666666667,1.2507834434509277
0.6095289,0.7723958333333333,0.61981124,0.7641666666666667,1.252551794052124
0.6091713,0.7726041666666666,0.6194543,0.7645833333333333,1.2543659210205078
0.60881484,0.7727083333333333,0.61909837,0.7645833333333333,1.2561194896697998
0.60845935,0.7726041666666666,0.6187434,0.7645833333333333,1.257875919342041
0.608105,0.7726041666666666,0.6183894,0.765,1.2596337795257568
0.6077516,0.7727083333333333,0.61803645,0.765,1.2614436149597168
0.60739946,0.7727083333333333,0.6176844,0.765,1.2631995677947998
0.6070483,0.7723958333333333,0.61733335,0.7654166666666666,1.2650136947631836
0.606698,0.7722916666666667,0.6169833,0.76625,1.2668187618255615
0.6063489,0.7722916666666667,0.6166344,0.76625,1.2685778141021729
0.60600066,0.7723958333333333,0.61628664,0.7666666666666667,1.2703864574432373
0.6056535,0.7726041666666666,0.6159399,0.7666666666666667,1.2721531391143799
0.6053076,0.7726041666666666,0.61559445,0.7670833333333333,1.2739078998565674
0.6049626,0.7728125,0.6152498,0.7670833333333333,1.275716781616211
0.6046186,0.7728125,0.6149064,0.7675,1.2775325775146484
0.60427564,0.7729166666666667,0.6145636,0.7679166666666667,1.2792878150939941
0.6039337,0.7729166666666667,0.6142221,0.7679166666666667,1.281052589416504
0.6035928,0.7730208333333334,0.61388135,0.7679166666666667,1.2828001976013184
0.60325295,0.773125,0.6135419,0.7679166666666667,1.284552812576294
0.60291404,0.7732291666666666,0.6132032,0.7679166666666667,1.2863578796386719
0.602576,0.7732291666666666,0.61286575,0.7679166666666667,1.2881646156311035
0.602239,0.7732291666666666,0.61252916,0.7679166666666667,1.2899677753448486
0.601903,0.7733333333333333,0.61219364,0.7675,1.2917346954345703
0.60156804,0.7733333333333333,0.6118591,0.7675,1.2934772968292236
0.601234,0.7734375,0.61152554,0.7675,1.2952258586883545
0.600901,0.7736458333333334,0.61119276,0.7675,1.2969911098480225
0.600569,0.77375,0.6108611,0.7675,1.2987520694732666
0.6002379,0.7736458333333334,0.6105303,0.7670833333333333,1.3005247116088867
0.5999079,0.7740625,0.61020064,0.7670833333333333,1.302299976348877
0.5995788,0.7746875,0.60987186,0.7670833333333333,1.3042187690734863
0.5992507,0.7746875,0.60954404,0.7666666666666667,1.3059804439544678
0.5989235,0.7747916666666667,0.60921717,0.7666666666666667,1.3078789710998535
0.59859735,0.775,0.6088916,0.7666666666666667,1.309654951095581
0.5982721,0.7748958333333333,0.6085668,0.7670833333333333,1.3114404678344727
0.5979478,0.775,0.6082432,0.7670833333333333,1.3132011890411377
0.59762454,0.7752083333333334,0.6079204,0.7666666666666667,1.314960241317749
0.59730226,0.7752083333333334,0.60759866,0.7670833333333333,1.3167195320129395
0.59698087,0.7753125,0.6072778,0.7675,1.3185367584228516
0.59666044,0.7753125,0.6069577,0.7683333333333333,1.3203721046447754
0.59634095,0.7753125,0.60663855,0.76875,1.322134017944336
0.59602225,0.7754166666666666,0.6063205,0.76875,1.3239555358886719
0.5957047,0.7757291666666667,0.6060031,0.76875,1.3258018493652344
0.595388,0.7758333333333334,0.6056869,0.76875,1.3276166915893555
0.5950722,0.7758333333333334,0.6053716,0.76875,1.3294379711151123
0.5947573,0.7759375,0.60505694,0.76875,1.331188678741455
0.5944434,0.7759375,0.6047434,0.7691666666666667,1.3329784870147705
0.5941304,0.7761458333333333,0.604431,0.7695833333333333,1.3347327709197998
0.5938183,0.7763541666666667,0.6041193,0.7695833333333333,1.3365001678466797
0.5935072,0.7765625,0.6038084,0.7695833333333333,1.3383197784423828
0.5931969,0.7766666666666666,0.6034985,0.7695833333333333,1.3400981426239014
0.59288764,0.7766666666666666,0.6031896,0.7695833333333333,1.341845989227295
0.59257907,0.7767708333333333,0.60288143,0.7695833333333333,1.343611478805542
0.5922717,0.776875,0.60257417,0.7695833333333333,1.3454346656799316
0.591965,0.7769791666666667,0.60226774,0.77,1.3472414016723633
0.5916593,0.7773958333333333,0.60196215,0.77,1.3490686416625977
0.5913545,0.7775,0.60165733,0.7695833333333333,1.3508734703063965
0.59105057,0.7776041666666667,0.60135347,0.77,1.3526883125305176
0.5907475,0.7779166666666667,0.60105056,0.77,1.3544552326202393
0.5904452,0.778125,0.6007484,0.77,1.356217384338379
0.590144,0.778125,0.6004471,0.77,1.3579764366149902
0.5898435,0.7780208333333334,0.6001468,0.77,1.3597393035888672
0.58954406,0.7779166666666667,0.5998473,0.7691666666666667,1.361546277999878
0.5892453,0.7780208333333334,0.5995485,0.7691666666666667,1.3633532524108887
0.5889475,0.7780208333333334,0.5992507,0.7691666666666667,1.3651657104492188
0.58865047,0.7780208333333334,0.5989534,0.7691666666666667,1.3669767379760742
0.5883542,0.7782291666666666,0.598657,0.7691666666666667,1.3687968254089355
0.588059,0.7782291666666666,0.5983615,0.7691666666666667,1.370560646057129
0.5877645,0.7782291666666666,0.5980667,0.7691666666666667,1.372331142425537
0.5874708,0.7782291666666666,0.59777296,0.7691666666666667,1.3740944862365723
0.587178,0.7782291666666666,0.5974799,0.76875,1.3758554458618164
0.58688617,0.778125,0.59718764,0.76875,1.3776154518127441
0.5865949,0.7782291666666666,0.5968963,0.76875,1.3795828819274902
0.58630455,0.778125,0.5966059,0.76875,1.3813261985778809
0.586015,0.7779166666666667,0.59631604,0.76875,1.3830790519714355
0.58572614,0.7779166666666667,0.59602714,0.76875,1.3848364353179932
0.5854383,0.7779166666666667,0.59573895,0.7695833333333333,1.3865916728973389
0.58515126,0.7778125,0.5954515,0.7695833333333333,1.3884108066558838
0.584865,0.7779166666666667,0.59516484,0.7691666666666667,1.3902208805084229
0.5845796,0.7778125,0.59487903,0.7691666666666667,1.391977071762085
0.5842949,0.7779166666666667,0.59459406,0.76875,1.3937327861785889
0.5840112,0.7778125,0.5943099,0.76875,1.395498514175415
0.58372813,0.7780208333333334,0.5940265,0.76875,1.3972594738006592
0.58344585,0.7780208333333334,0.59374386,0.76875,1.3990206718444824
0.5831644,0.7780208333333334,0.59346193,0.76875,1.40085768699646
0.5828837,0.7780208333333334,0.59318066,0.76875,1.4026715755462646
0.5826038,0.7782291666666666,0.5929002,0.76875,1.4044873714447021
0.5823248,0.7783333333333333,0.5926207,0.76875,1.4062457084655762
0.58204633,0.7783333333333333,0.59234184,0.76875,1.4080641269683838
0.5817689,0.7783333333333333,0.5920639,0.76875,1.4098684787750244
0.5814922,0.7783333333333333,0.59178674,0.76875,1.4116899967193604
0.5812163,0.7783333333333333,0.59151036,0.76875,1.4134597778320312
0.5809411,0.7783333333333333,0.59123456,0.76875,1.415226936340332
0.58066666,0.7782291666666666,0.5909596,0.76875,1.4169971942901611
0.58039314,0.7784375,0.5906855,0.76875,1.4187448024749756
0.58012027,0.7786458333333334,0.5904119,0.76875,1.420499324798584
0.5798482,0.7786458333333334,0.5901393,0.76875,1.4222512245178223
0.57957685,0.7788541666666666,0.5898675,0.76875,1.4240775108337402
0.57930636,0.7788541666666666,0.5895964,0.76875,1.4258298873901367
0.5790366,0.7789583333333333,0.58932614,0.7683333333333333,1.4276504516601562
0.5787676,0.7789583333333333,0.5890566,0.7683333333333333,1.4294869899749756
0.5784994,0.7788541666666666,0.5887877,0.7683333333333333,1.4313011169433594
0.5782319,0.7788541666666666,0.58851975,0.7683333333333333,1.433117151260376
0.57796514,0.7788541666666666,0.58825266,0.7683333333333333,1.4348678588867188
0.57769924,0.7790625,0.5879862,0.76875,1.4366848468780518
0.57743394,0.7789583333333333,0.5877206,0.7695833333333333,1.4384968280792236
0.5771694,0.7789583333333333,0.58745575,0.7695833333333333,1.4402666091918945
0.57690567,0.7792708333333334,0.5871915,0.77,1.4420220851898193
0.57664263,0.7792708333333334,0.58692795,0.77,1.4437932968139648
0.5763803,0.7792708333333334,0.58666515,0.77,1.4455513954162598
0.57611877,0.7794791666666666,0.586403,0.77,1.4473137855529785
0.5758579,0.7795833333333333,0.5861418,0.77,1.4491355419158936
0.57559776,0.7796875,0.58588123,0.77,1.450890064239502
0.5753384,0.7796875,0.5856215,0.77,1.4526495933532715
0.5750798,0.7797916666666667,0.58536255,0.7691666666666667,1.4544625282287598
0.5748219,0.7797916666666667,0.58510435,0.7695833333333333,1.456273078918457
0.5745647,0.7795833333333333,0.58484685,0.7695833333333333,1.4580235481262207
0.57430816,0.7796875,0.58459,0.7691666666666667,1.4597856998443604
0.57405245,0.7795833333333333,0.5843339,0.7691666666666667,1.4615399837493896
0.5737973,0.7796875,0.58407843,0.7691666666666667,1.4633440971374512
0.57354295,0.7796875,0.5838236,0.7691666666666667,1.465158224105835
0.57328933,0.7796875,0.58356947,0.7691666666666667,1.466905117034912
0.5730363,0.7794791666666666,0.5833159,0.7691666666666667,1.4687118530273438
0.57278395,0.7794791666666666,0.583063,0.7691666666666667,1.4704687595367432
0.57253236,0.7794791666666666,0.58281064,0.7691666666666667,1.47222900390625
0.5722814,0.7792708333333334,0.5825589,0.7695833333333333,1.4740417003631592
0.57203114,0.7792708333333334,0.5823077,0.77,1.4758000373840332
0.5717816,0.779375,0.5820572,0.77,1.4775559902191162
0.5715326,0.779375,0.58180726,0.77,1.4793133735656738
0.57128423,0.779375,0.581558,0.77,1.4810805320739746
0.5710366,0.7794791666666666,0.5813095,0.77,1.482823371887207
0.5707897,0.7794791666666666,0.5810617,0.77,1.4845836162567139
0.5705434,0.7794791666666666,0.5808145,0.77,1.4863357543945312
0.57029784,0.7795833333333333,0.58056796,0.77,1.4881491661071777
0.5700529,0.7795833333333333,0.580322,0.77,1.489964246749878
0.5698086,0.7795833333333333,0.58007663,0.77,1.4917209148406982
0.569565,0.7795833333333333,0.5798319,0.7704166666666666,1.4934821128845215
0.56932193,0.7796875,0.57958794,0.7708333333333334,1.495316505432129
0.5690796,0.7795833333333333,0.57934463,0.7708333333333334,1.4971649646759033
0.568838,0.7796875,0.579102,0.7708333333333334,1.4989798069000244
0.5685969,0.7797916666666667,0.57886004,0.7708333333333334,1.5007593631744385
0.56835663,0.7798958333333333,0.57861865,0.77125,1.5025215148925781
0.56811684,0.7797916666666667,0.57837796,0.77125,1.504288911819458
0.5678778,0.7798958333333333,0.578138,0.7716666666666666,1.5061089992523193
0.56763947,0.78,0.5778984,0.7716666666666666,1.5078845024108887
0.5674017,0.78,0.57765967,0.77125,1.5096468925476074
0.5671646,0.7801041666666667,0.5774215,0.77125,1.5114707946777344
0.5669281,0.7801041666666667,0.5771838,0.77125,1.5132277011871338
0.5666923,0.7801041666666667,0.5769469,0.77125,1.514983892440796
0.56645703,0.7801041666666667,0.5767106,0.77125,1.5167934894561768
0.56622255,0.7802083333333333,0.57647496,0.7716666666666666,1.518552541732788
0.5659887,0.7802083333333333,0.57624,0.7716666666666666,1.5203211307525635
0.56575537,0.7802083333333333,0.5760056,0.7716666666666666,1.5221307277679443
0.5655228,0.7802083333333333,0.5757719,0.7716666666666666,1.5238945484161377
0.56529075,0.7802083333333333,0.5755388,0.7720833333333333,1.5256998538970947
0.56505936,0.7802083333333333,0.57530624,0.7720833333333333,1.5274558067321777
0.5648285,0.7801041666666667,0.5750744,0.7720833333333333,1.5292129516601562
0.5645984,0.7802083333333333,0.5748431,0.7725,1.5309598445892334
0.5643687,0.7802083333333333,0.5746125,0.7725,1.5327372550964355
0.5641399,0.7803125,0.57438254,0.7725,1.5345001220703125
0.5639116,0.7802083333333333,0.5741532,0.7725,1.5363280773162842
0.5636839,0.7801041666666667,0.5739245,0.7725,1.5380926132202148
0.5634569,0.7801041666666667,0.5736962,0.7725,1.5398550033569336
0.5632305,0.78,0.5734687,0.7720833333333333,1.5416138172149658
0.5630045,0.7798958333333333,0.57324165,0.7720833333333333,1.5434322357177734
0.56277937,0.7798958333333333,0.57301515,0.7720833333333333,1.5451922416687012
0.56255466,0.7798958333333333,0.5727894,0.7720833333333333,1.546980857849121
0.5623306,0.78,0.57256407,0.7720833333333333,1.5487499237060547
0.56210715,0.78,0.5723394,0.7720833333333333,1.550504207611084
0.5618843,0.78,0.57211536,0.7720833333333333,1.5523335933685303
0.5616621,0.7802083333333333,0.5718923,0.7725,1.5541472434997559
0.5614404,0.7802083333333333,0.57166976,0.7725,1.5559163093566895
0.56121933,0.78,0.5714476,0.7729166666666667,1.557725191116333
0.56099874,0.7801041666666667,0.5712261,0.7729166666666667,1.5595364570617676
0.56077886,0.7802083333333333,0.5710052,0.7725,1.5613558292388916
0.5605595,0.7803125,0.57078457,0.7725,1.5631074905395508
0.5603407,0.7804166666666666,0.5705647,0.7725,1.5648705959320068
0.5601224,0.7805208333333333,0.5703453,0.7725,1.5666251182556152
0.5599048,0.7804166666666666,0.5701265,0.7729166666666667,1.5683870315551758
0.5596878,0.7803125,0.56990796,0.7729166666666667,1.5701355934143066
0.5594713,0.7804166666666666,0.5696899,0.7729166666666667,1.5719597339630127
0.5592553,0.7804166666666666,0.5694724,0.7729166666666667,1.5737874507904053
0.5590399,0.7804166666666666,0.5692556,0.7729166666666667,1.575559377670288
0.5588251,0.7805208333333333,0.5690393,0.7729166666666667,1.577369213104248
0.55861086,0.7804166666666666,0.5688235,0.7729166666666667,1.5791294574737549
0.5583972,0.7804166666666666,0.5686082,0.7729166666666667,1.5808932781219482
0.558184,0.7804166666666666,0.56839365,0.7729166666666667,1.582657814025879
0.5579714,0.7803125,0.5681794,0.7729166666666667,1.5844292640686035
0.5577594,0.7803125,0.56796575,0.7729166666666667,1.5861856937408447
0.557548,0.7804166666666666,0.56775266,0.7729166666666667,1.587939739227295
0.557337,0.7803125,0.5675403,0.7729166666666667,1.5896964073181152
0.55712664,0.7802083333333333,0.5673284,0.7729166666666667,1.591526746749878
0.55691683,0.7803125,0.567117,0.7729166666666667,1.5932862758636475
0.55670756,0.7803125,0.5669062,0.7729166666666667,1.5950984954833984
0.5564988,0.7804166666666666,0.566696,0.7725,1.5968658924102783
0.5562906,0.7804166666666666,0.56648636,0.7725,1.5986878871917725
0.55608296,0.7805208333333333,0.56627727,0.7725,1.6004893779754639
0.5558758,0.7805208333333333,0.56606877,0.7725,1.6022493839263916
0.5556693,0.7804166666666666,0.5658608,0.7725,1.6040220260620117
0.55546314,0.7805208333333333,0.5656533,0.7725,1.6057791709899902
0.5552577,0.7807291666666667,0.5654463,0.7720833333333333,1.6076045036315918
0.55505276,0.7808333333333334,0.56524,0.77125,1.6094272136688232
0.5548483,0.7808333333333334,0.5650342,0.77125,1.611182689666748
0.55464435,0.7808333333333334,0.56482905,0.7716666666666666,1.612945795059204
0.5544411,0.7808333333333334,0.5646244,0.7716666666666666,1.6147053241729736
0.55423826,0.7809375,0.5644201,0.7725,1.616492509841919
0.55403596,0.7810416666666666,0.5642164,0.7725,1.6183030605316162
0.55383414,0.7809375,0.5640132,0.7725,1.6200623512268066
0.55363286,0.7810416666666666,0.5638104,0.7725,1.6218178272247314
0.5534321,0.7811458333333333,0.5636081,0.7729166666666667,1.623572587966919
0.5532319,0.7811458333333333,0.5634064,0.7725,1.6253271102905273
0.55303216,0.7811458333333333,0.5632053,0.7725,1.6270725727081299
0.552833,0.7811458333333333,0.56300473,0.7725,1.6288363933563232
0.5526343,0.7811458333333333,0.56280464,0.7725,1.6305828094482422
0.5524362,0.7811458333333333,0.56260514,0.7725,1.6323521137237549
0.5522386,0.78125,0.5624059,0.7729166666666667,1.634101390838623
0.5520414,0.78125,0.56220704,0.7729166666666667,1.6359291076660156
0.5518447,0.7811458333333333,0.5620088,0.7729166666666667,1.6377623081207275
0.55164856,0.7811458333333333,0.5618111,0.7729166666666667,1.639603614807129
0.5514529,0.7811458333333333,0.5616138,0.7729166666666667,1.6414127349853516
0.5512578,0.7810416666666666,0.56141704,0.7729166666666667,1.6432287693023682
0.5510632,0.7810416666666666,0.5612209,0.7729166666666667,1.6449918746948242
0.55086905,0.7808333333333334,0.56102514,0.7729166666666667,1.646744728088379
0.55067533,0.7809375,0.56083,0.7729166666666667,1.6485066413879395
0.55048215,0.7811458333333333,0.5606355,0.7729166666666667,1.6502628326416016
0.5502896,0.7811458333333333,0.5604415,0.7729166666666667,1.6520922183990479
0.5500974,0.78125,0.56024826,0.7729166666666667,1.6539056301116943
0.5499057,0.78125,0.5600554,0.7729166666666667,1.6557250022888184
0.54971445,0.7813541666666667,0.55986315,0.7729166666666667,1.657485008239746
0.5495238,0.78125,0.5596712,0.7729166666666667,1.6592414379119873
0.5493336,0.7815625,0.5594798,0.7729166666666667,1.6610071659088135
0.5491438,0.7813541666666667,0.55928886,0.7729166666666667,1.6627602577209473
0.5489545,0.7813541666666667,0.5590983,0.7729166666666667,1.664524793624878
0.5487657,0.7814583333333334,0.55890816,0.7725,1.6662898063659668
0.54857737,0.7814583333333334,0.55871844,0.7725,1.6680536270141602
0.54838955,0.7814583333333334,0.55852926,0.7725,1.6698801517486572
0.5482021,0.7816666666666666,0.5583405,0.7725,1.6716983318328857
0.5480152,0.7816666666666666,0.55815214,0.7725,1.6735122203826904
0.54782885,0.7816666666666666,0.5579642,0.7725,1.6753230094909668
0.54764277,0.7816666666666666,0.55777687,0.7725,1.677070140838623
0.54745734,0.7817708333333333,0.5575901,0.7729166666666667,1.6788220405578613
0.54727226,0.781875,0.55740374,0.7729166666666667,1.6805901527404785
0.5470878,0.781875,0.5572178,0.7729166666666667,1.6823985576629639
0.54690367,0.781875,0.55703235,0.7729166666666667,1.6842293739318848
0.54671997,0.7819791666666667,0.5568472,0.7725,1.6860413551330566
0.5465369,0.7820833333333334,0.55666256,0.7725,1.6878602504730225
0.54635423,0.7820833333333334,0.5564783,0.7725,1.689681053161621
0.5461719,0.7819791666666667,0.5562944,0.7725,1.6914970874786377
0.5459901,0.7819791666666667,0.55611104,0.7729166666666667,1.6933071613311768
0.5458088,0.781875,0.55592793,0.7733333333333333,1.6950583457946777
0.54562795,0.781875,0.55574536,0.7733333333333333,1.69687819480896
0.5454474,0.7820833333333334,0.5555633,0.7733333333333333,1.698634386062622
0.54526746,0.7820833333333334,0.5553816,0.77375,1.700401782989502
0.54508793,0.7821875,0.5552002,0.77375,1.7021582126617432
0.5449089,0.7820833333333334,0.55501914,0.77375,1.7039761543273926
0.5447301,0.7821875,0.55483854,0.77375,1.705782413482666
0.544552,0.7821875,0.55465853,0.77375,1.7075960636138916
0.54437417,0.7823958333333333,0.55447894,0.77375,1.7094125747680664
0.54419684,0.7823958333333333,0.55429983,0.77375,1.7111608982086182
0.54401994,0.7825,0.554121,0.77375,1.7129223346710205
0.5438435,0.7825,0.55394274,0.7741666666666667,1.7146799564361572
0.54366744,0.7826041666666667,0.5537649,0.7741666666666667,1.716447114944458
0.54349184,0.7826041666666667,0.5535874,0.7741666666666667,1.7182071208953857
0.5433167,0.7826041666666667,0.55341035,0.7741666666666667,1.7199606895446777
0.54314196,0.7826041666666667,0.55323386,0.7745833333333333,1.7217216491699219
0.5429677,0.7826041666666667,0.5530578,0.7745833333333333,1.7234835624694824
0.5427939,0.7826041666666667,0.55288225,0.7745833333333333,1.725250005722046
0.54262054,0.7826041666666667,0.5527071,0.7745833333333333,1.7270150184631348
0.54244757,0.7826041666666667,0.5525323,0.7745833333333333,1.7287938594818115
0.542275,0.7823958333333333,0.5523581,0.775,1.7305452823638916
0.5421029,0.7825,0.5521841,0.775,1.7323887348175049
0.5419313,0.7827083333333333,0.5520106,0.775,1.734205722808838
0.54175997,0.7827083333333333,0.55183756,0.775,1.7359700202941895
0.5415891,0.7828125,0.5516647,0.775,1.7377314567565918
0.5414186,0.7828125,0.5514925,0.775,1.7394955158233643
0.5412487,0.7829166666666667,0.5513207,0.775,1.7412638664245605
0.54107916,0.7828125,0.55114937,0.775,1.7430229187011719
0.54091,0.7828125,0.5509787,0.775,1.7447919845581055
0.5407413,0.7828125,0.55080837,0.775,1.7466306686401367
0.5405731,0.7828125,0.55063844,0.775,1.7484145164489746
0.5404052,0.7829166666666667,0.5504689,0.775,1.7502758502960205
0.5402377,0.7830208333333334,0.5502996,0.7745833333333333,1.7521138191223145
0.5400708,0.7830208333333334,0.5501307,0.7745833333333333,1.7538723945617676
0.5399042,0.7830208333333334,0.5499623,0.7745833333333333,1.755704641342163
0.53973806,0.7830208333333334,0.54979414,0.7745833333333333,1.7574684619903564
0.53957224,0.7830208333333334,0.54962647,0.7745833333333333,1.759221076965332
0.53940696,0.7830208333333334,0.5494591,0.7745833333333333,1.7610445022583008
0.5392419,0.783125,0.5492921,0.7741666666666667,1.7628037929534912
0.5390772,0.783125,0.5491255,0.7741666666666667,1.7645692825317383
0.53891313,0.783125,0.5489595,0.7741666666666667,1.7663116455078125
0.53874934,0.783125,0.54879385,0.7741666666666667,1.7681210041046143
0.5385859,0.783125,0.54862857,0.7745833333333333,1.7698705196380615
0.538423,0.783125,0.5484637,0.7745833333333333,1.7716913223266602
0.5382604,0.783125,0.54829913,0.7745833333333333,1.7734460830688477
0.5380982,0.783125,0.54813504,0.7745833333333333,1.775254487991333
0.5379364,0.783125,0.5479712,0.7745833333333333,1.7770779132843018
0.537775,0.7832291666666666,0.54780775,0.7745833333333333,1.7788269519805908
0.53761405,0.7832291666666666,0.5476447,0.7745833333333333,1.780651569366455
0.53745335,0.7832291666666666,0.54748195,0.7745833333333333,1.782416582107544
0.5372931,0.7834375,0.5473195,0.7745833333333333,1.7841894626617432
0.5371333,0.7834375,0.5471576,0.7745833333333333,1.7859373092651367
0.5369738,0.7834375,0.546996,0.7745833333333333,1.7877142429351807
0.53681475,0.7834375,0.5468348,0.7745833333333333,1.7895243167877197
0.53665596,0.7832291666666666,0.546674,0.7745833333333333,1.7913334369659424
0.5364976,0.7832291666666666,0.5465134,0.7745833333333333,1.7931008338928223
0.5363396,0.7833333333333333,0.5463533,0.7745833333333333,1.7949016094207764
0.536182,0.7833333333333333,0.5461934,0.775,1.796658992767334
0.5360248,0.7833333333333333,0.54603416,0.775,1.7984139919281006
0.53586805,0.7833333333333333,0.5458752,0.7754166666666666,1.8001720905303955
0.5357116,0.7834375,0.5457166,0.7754166666666666,1.8019237518310547
0.53555554,0.7836458333333334,0.5455583,0.7754166666666666,1.8036918640136719
0.53539973,0.78375,0.5454005,0.7754166666666666,1.8054449558258057
0.53524446,0.78375,0.54524297,0.7754166666666666,1.8072607517242432
0.5350895,0.78375,0.54508585,0.7754166666666666,1.8090145587921143
0.5349349,0.78375,0.544929,0.7754166666666666,1.810774326324463
0.5347807,0.78375,0.5447727,0.7754166666666666,1.8125286102294922
0.53462684,0.78375,0.5446168,0.7754166666666666,1.8142731189727783
0.5344734,0.78375,0.5444614,0.7754166666666666,1.8160924911499023
0.5343203,0.78375,0.54430634,0.7754166666666666,1.8179149627685547
0.5341675,0.78375,0.54415184,0.7758333333333334,1.8196754455566406
0.5340152,0.78375,0.5439977,0.7758333333333334,1.8214359283447266
0.53386307,0.7838541666666666,0.54384375,0.7754166666666666,1.8231899738311768
0.53371143,0.7839583333333333,0.54369026,0.7754166666666666,1.8249449729919434
0.5335601,0.7839583333333333,0.5435371,0.7754166666666666,1.826695203781128
0.5334092,0.7839583333333333,0.5433842,0.7758333333333334,1.8284571170806885
0.5332586,0.7839583333333333,0.54323184,0.7758333333333334,1.830214262008667
0.53310835,0.7839583333333333,0.54307973,0.7758333333333334,1.8320465087890625
0.5329585,0.7839583333333333,0.54292804,0.7758333333333334,1.833801031112671
0.532809,0.7840625,0.54277664,0.7758333333333334,1.8355653285980225
0.5326598,0.7841666666666667,0.54262567,0.7758333333333334,1.8373897075653076
0.5325111,0.7840625,0.54247516,0.7758333333333334,1.8392000198364258
0.53236264,0.7840625,0.54232484,0.7758333333333334,1.841031789779663
0.53221464,0.7841666666666667,0.542175,0.7754166666666666,1.8427879810333252
0.532067,0.7842708333333334,0.5420255,0.7754166666666666,1.8445520401000977
0.53191954,0.7842708333333334,0.54187644,0.7754166666666666,1.8463613986968994
0.53177273,0.7846875,0.5417276,0.7754166666666666,1.848186731338501
0.53162605,0.7846875,0.5415792,0.7754166666666666,1.8499445915222168
0.53147984,0.7846875,0.54143125,0.7754166666666666,1.8517146110534668
0.53133374,0.7847916666666667,0.5412835,0.7754166666666666,1.853478193283081
0.53118813,0.7848958333333333,0.54113615,0.7754166666666666,1.855231523513794
0.53104293,0.785,0.5409892,0.7754166666666666,1.8570034503936768
0.530898,0.785,0.5408427,0.7754166666666666,1.8588249683380127
0.53075343,0.785,0.5406964,0.7754166666666666,1.860661268234253
0.5306093,0.7848958333333333,0.5405506,0.7754166666666666,1.862412452697754
0.5304654,0.7846875,0.54040504,0.7754166666666666,1.86423659324646
0.5303219,0.7846875,0.5402598,0.7754166666666666,1.8659899234771729
0.5301788,0.7846875,0.54011494,0.7754166666666666,1.8677608966827393
0.530036,0.7846875,0.5399702,0.7754166666666666,1.869523048400879
0.5298934,0.7846875,0.53982586,0.7754166666666666,1.8713366985321045
0.52975124,0.7845833333333333,0.53968173,0.7754166666666666,1.8731577396392822
0.5296094,0.7845833333333333,0.53953797,0.7754166666666666,1.874962329864502
0.5294679,0.7846875,0.53939456,0.7754166666666666,1.8767318725585938
0.5293267,0.7846875,0.5392514,0.7754166666666666,1.8784940242767334
0.5291858,0.7846875,0.53910846,0.7754166666666666,1.8802554607391357
0.5290453,0.7846875,0.538966,0.7754166666666666,1.882009506225586
0.5289051,0.7845833333333333,0.53882366,0.7754166666666666,1.88377046585083
0.5287652,0.7846875,0.53868186,0.7754166666666666,1.885591983795166
0.5286256,0.7845833333333333,0.5385403,0.7754166666666666,1.887352466583252
0.52848625,0.7845833333333333,0.5383989,0.7754166666666666,1.889174461364746
0.52834743,0.7845833333333333,0.5382581,0.7754166666666666,1.8909344673156738
0.5282088,0.7846875,0.5381174,0.7754166666666666,1.892697811126709
0.5280705,0.7846875,0.53797704,0.7754166666666666,1.8945188522338867
0.5279325,0.7846875,0.53783697,0.7754166666666666,1.8962843418121338
0.52779496,0.7847916666666667,0.5376972,0.7754166666666666,1.8980486392974854
0.5276576,0.7847916666666667,0.53755766,0.7754166666666666,1.8998122215270996
0.52752066,0.7847916666666667,0.53741837,0.7754166666666666,1.9015610218048096
0.52738386,0.7847916666666667,0.5372793,0.7754166666666666,1.9033784866333008
0.5272475,0.785,0.5371405,0.7754166666666666,1.9051439762115479
0.5271114,0.785,0.537002,0.7754166666666666,1.9069023132324219
0.52697563,0.7848958333333333,0.53686404,0.7754166666666666,1.9086604118347168
0.5268402,0.785,0.53672636,0.7754166666666666,1.9104290008544922
0.52670515,0.785,0.53658897,0.7758333333333334,1.9121878147125244
0.52657026,0.785,0.5364518,0.7758333333333334,1.9139466285705566
0.5264357,0.785,0.536315,0.7758333333333334,1.915764331817627
0.52630144,0.7848958333333333,0.53617835,0.7758333333333334,1.9175231456756592
0.5261676,0.7847916666666667,0.53604215,0.7754166666666666,1.91927170753479
0.526034,0.7847916666666667,0.5359063,0.7754166666666666,1.9210190773010254
0.5259006,0.7847916666666667,0.53577095,0.7754166666666666,1.922774076461792
0.5257677,0.7847916666666667,0.53563577,0.7754166666666666,1.9246044158935547
0.52563506,0.7847916666666667,0.53550094,0.7754166666666666,1.9264211654663086
0.52550274,0.7847916666666667,0.5353664,0.7754166666666666,1.9282279014587402
0.5253706,0.7847916666666667,0.535232,0.7754166666666666,1.9300329685211182
0.52523893,0.7847916666666667,0.53509784,0.7754166666666666,1.9318006038665771
0.52510744,0.7848958333333333,0.534964,0.7754166666666666,1.9335551261901855
0.5249763,0.785,0.5348305,0.7754166666666666,1.9353654384613037
0.5248454,0.7851041666666667,0.53469735,0.7754166666666666,1.9371254444122314
0.5247148,0.7851041666666667,0.53456473,0.7754166666666666,1.9388890266418457
0.5245846,0.7851041666666667,0.5344323,0.7754166666666666,1.9406511783599854
0.5244548,0.7851041666666667,0.5343002,0.7754166666666666,1.9424049854278564
0.52432513,0.7851041666666667,0.5341684,0.7754166666666666,1.944169521331787
0.52419573,0.7851041666666667,0.5340368,0.7754166666666666,1.9459328651428223
0.5240667,0.7851041666666667,0.53390545,0.775,1.9477035999298096
0.5239379,0.7851041666666667,0.53377444,0.775,1.949533462524414
0.52380943,0.7851041666666667,0.53364366,0.775,1.951303243637085
0.5236812,0.7851041666666667,0.53351325,0.775,1.953068733215332
0.5235534,0.7851041666666667,0.5333831,0.775,1.9548921585083008
0.5234257,0.7851041666666667,0.53325325,0.775,1.9566562175750732
0.5232983,0.7852083333333333,0.53312385,0.7745833333333333,1.9584112167358398
0.52317137,0.7852083333333333,0.5329945,0.7745833333333333,1.960258960723877
0.5230445,0.7851041666666667,0.5328655,0.7745833333333333,1.962012529373169
0.5229181,0.785,0.53273696,0.7745833333333333,1.9638381004333496
0.5227919,0.7851041666666667,0.5326087,0.7745833333333333,1.9655988216400146
0.52266604,0.7851041666666667,0.5324809,0.7745833333333333,1.967426061630249
0.5225405,0.7851041666666667,0.53235316,0.7745833333333333,1.9692504405975342
0.5224153,0.7851041666666667,0.5322258,0.7745833333333333,1.9710164070129395
0.5222903,0.785,0.53209877,0.7745833333333333,1.972785472869873
0.5221656,0.785,0.53197193,0.775,1.9746081829071045
0.5220411,0.7852083333333333,0.53184545,0.775,1.976377248764038
0.5219168,0.7852083333333333,0.5317191,0.775,1.9781231880187988
0.521793,0.7852083333333333,0.53159326,0.775,1.9798896312713623
0.52166945,0.7851041666666667,0.5314676,0.775,1.9816498756408691
0.52154607,0.7851041666666667,0.5313423,0.7754166666666666,1.9834206104278564
0.5214231,0.7852083333333333,0.53121704,0.7754166666666666,1.985236644744873
0.5213004,0.7851041666666667,0.5310922,0.7758333333333334,1.989295244216919
0.5211779,0.7851041666666667,0.5309678,0.7758333333333334,1.9911296367645264
0.52105564,0.7851041666666667,0.53084373,0.7758333333333334,1.9928960800170898
0.52093387,0.7852083333333333,0.5307198,0.7758333333333334,1.9946660995483398
0.52081215,0.7852083333333333,0.53059626,0.7758333333333334,1.996485948562622
0.52069086,0.7852083333333333,0.5304729,0.7758333333333334,1.9982988834381104
0.52056974,0.7852083333333333,0.53034985,0.7758333333333334,2.0001139640808105
0.520449,0.7852083333333333,0.5302271,0.7758333333333334,2.0019283294677734
0.52032846,0.7853125,0.53010464,0.7758333333333334,2.003692626953125
0.52020824,0.7854166666666667,0.52998245,0.7758333333333334,2.0054469108581543
0.5200884,0.7855208333333333,0.52986044,0.7758333333333334,2.007206439971924
0.51996875,0.785625,0.52973884,0.77625,2.008970260620117
0.51984924,0.785625,0.52961725,0.77625,2.0107262134552
0.5197302,0.785625,0.5294961,0.77625,2.0125675201416016
0.51961136,0.7855208333333333,0.529375,0.77625,2.0143330097198486
0.51949275,0.7855208333333333,0.5292543,0.77625,2.0161592960357666
0.5193744,0.7855208333333333,0.52913374,0.77625,2.0179107189178467
0.51925623,0.785625,0.52901345,0.77625,2.0196826457977295
0.51913846,0.785625,0.52889353,0.7758333333333334,2.021433115005493
0.519021,0.785625,0.5287741,0.7758333333333334,2.0231881141662598
0.51890373,0.785625,0.5286549,0.7754166666666666,2.0250141620635986
0.51878685,0.785625,0.52853584,0.7754166666666666,2.0267655849456787
0.5186701,0.785625,0.52841717,0.7754166666666666,2.0285868644714355
0.51855373,0.785625,0.5282986,0.7754166666666666,2.030349016189575
0.5184375,0.785625,0.52818036,0.7754166666666666,2.0321688652038574
0.5183217,0.785625,0.52806234,0.7754166666666666,2.0339736938476562
0.51820606,0.7857291666666667,0.52794427,0.7754166666666666,2.035785675048828
0.51809055,0.7857291666666667,0.52782667,0.7754166666666666,2.0375354290008545
0.51797533,0.785625,0.52770925,0.7754166666666666,2.0392963886260986
0.5178603,0.785625,0.52759165,0.7754166666666666,2.04105544090271
0.51774555,0.785625,0.52747446,0.7754166666666666,2.042815923690796
0.517631,0.785625,0.52735764,0.7754166666666666,2.0447044372558594
0.51751673,0.785625,0.52724093,0.7754166666666666,2.0465290546417236
0.5174028,0.785625,0.52712476,0.7758333333333334,2.048349142074585
0.51728904,0.7855208333333333,0.52700865,0.7758333333333334,2.050152540206909
0.5171756,0.7855208333333333,0.52689284,0.7758333333333334,2.05191969871521
0.51706237,0.7854166666666667,0.5267772,0.7754166666666666,2.053678274154663
0.5169493,0.7854166666666667,0.5266618,0.7754166666666666,2.0554428100585938
0.5168365,0.7854166666666667,0.5265464,0.7754166666666666,2.05724835395813
0.516724,0.7855208333333333,0.5264315,0.7754166666666666,2.059004306793213
0.51661164,0.7855208333333333,0.52631676,0.7754166666666666,2.060777187347412
0.5164995,0.7855208333333333,0.5262023,0.7754166666666666,2.0625901222229004
0.51638776,0.7855208333333333,0.5260882,0.7754166666666666,2.0644021034240723
0.5162761,0.7855208333333333,0.52597415,0.7754166666666666,2.0662097930908203
0.5161648,0.785625,0.52586067,0.7754166666666666,2.068023443222046
0.51605374,0.7857291666666667,0.52574724,0.7754166666666666,2.069840431213379
0.5159429,0.7857291666666667,0.5256341,0.7754166666666666,2.0716617107391357
0.5158322,0.7857291666666667,0.5255213,0.7754166666666666,2.0734171867370605
0.5157219,0.7857291666666667,0.52540857,0.7758333333333334,2.0752272605895996
0.5156117,0.7858333333333334,0.5252962,0.7758333333333334,2.07704496383667
0.51550186,0.7858333333333334,0.52518404,0.7758333333333334,2.078862190246582
0.5153922,0.7859375,0.5250722,0.7758333333333334,2.0806808471679688
0.51528275,0.7859375,0.5249605,0.7758333333333334,2.0824480056762695
0.5151736,0.7861458333333333,0.52484924,0.7758333333333334,2.0842082500457764
0.5150647,0.7861458333333333,0.52473813,0.7758333333333334,2.0859506130218506
0.5149559,0.7861458333333333,0.52462727,0.7758333333333334,2.0877106189727783
0.5148475,0.7861458333333333,0.5245167,0.7758333333333334,2.089467763900757
0.51473933,0.7861458333333333,0.52440625,0.7758333333333334,2.0912888050079346
0.5146313,0.7861458333333333,0.5242962,0.7758333333333334,2.09309983253479
0.51452357,0.7861458333333333,0.5241864,0.7758333333333334,2.0948634147644043
0.51441616,0.7861458333333333,0.5240768,0.7758333333333334,2.0966691970825195
0.5143089,0.7861458333333333,0.52396756,0.7758333333333334,2.0984809398651123
0.51420194,0.78625,0.52385837,0.7758333333333334,2.100290298461914
0.5140951,0.78625,0.52374953,0.7758333333333334,2.102160692214966
0.51398855,0.78625,0.52364093,0.7758333333333334,2.1039745807647705
0.5138822,0.78625,0.5235325,0.7758333333333334,2.1057424545288086
0.51377606,0.78625,0.5234243,0.7758333333333334,2.1074979305267334
0.5136703,0.78625,0.5233164,0.77625,2.10925555229187
0.5135646,0.78625,0.5232088,0.77625,2.111004590988159
0.5134593,0.78625,0.5231013,0.77625,2.1128273010253906
0.5133542,0.78625,0.5229941,0.77625,2.114593505859375
0.5132493,0.7863541666666667,0.5228873,0.77625,2.116413116455078
0.5131446,0.7863541666666667,0.5227805,0.77625,2.1181678771972656
0.51304007,0.7863541666666667,0.522674,0.77625,2.119933605194092
0.51293594,0.7863541666666667,0.5225676,0.7766666666666666,2.1217453479766846
0.512832,0.7863541666666667,0.5224615,0.7766666666666666,2.1235103607177734
0.51272815,0.78625,0.5223555,0.7766666666666666,2.125262975692749
0.51262456,0.7863541666666667,0.52224976,0.7766666666666666,2.127028226852417
0.51252127,0.7863541666666667,0.5221442,0.7766666666666666,2.1287896633148193
0.51241815,0.7863541666666667,0.5220388,0.7766666666666666,2.130553722381592
0.5123152,0.7863541666666667,0.5219336,0.7766666666666666,2.1323235034942627
0.51221246,0.7863541666666667,0.52182883,0.77625,2.1340787410736084
0.51211005,0.7863541666666667,0.5217241,0.7766666666666666,2.1359000205993652
0.5120078,0.7864583333333334,0.52161974,0.7766666666666666,2.1376562118530273
0.5119057,0.78625,0.52151567,0.7766666666666666,2.139404296875
0.511804,0.78625,0.5214117,0.7766666666666666,2.1411685943603516
0.5117024,0.78625,0.5213081,0.7766666666666666,2.1429102420806885
0.5116011,0.78625,0.5212047,0.7770833333333333,2.1446757316589355
0.51150006,0.78625,0.5211014,0.7770833333333333,2.1464321613311768
0.51139915,0.78625,0.52099854,0.7770833333333333,2.1482558250427246
0.5112985,0.78625,0.52089566,0.7770833333333333,2.1500084400177
0.511198,0.78625,0.5207931,0.7770833333333333,2.151791572570801
0.5110978,0.78625,0.5206906,0.7770833333333333,2.153557062149048
0.5109977,0.78625,0.5205886,0.7775,2.1553730964660645
0.51089793,0.78625,0.5204865,0.7770833333333333,2.157188653945923
0.5107984,0.78625,0.52038485,0.7770833333333333,2.1589436531066895
0.51069903,0.78625,0.52028334,0.7770833333333333,2.1607613563537598
0.51059985,0.7861458333333333,0.5201821,0.7770833333333333,2.162576198577881
0.51050097,0.78625,0.52008086,0.7770833333333333,2.164339780807495
0.51040226,0.78625,0.5199801,0.7770833333333333,2.1660964488983154
0.51030374,0.7863541666666667,0.51987946,0.7770833333333333,2.1679182052612305
0.5102055,0.78625,0.5197792,0.7770833333333333,2.16973614692688
0.51010746,0.78625,0.51967907,0.7770833333333333,2.171548366546631
0.5100096,0.7864583333333334,0.5195793,0.7770833333333333,2.173358201980591
0.509912,0.7864583333333334,0.51947975,0.7770833333333333,2.175159215927124
0.5098146,0.7864583333333334,0.5193802,0.7770833333333333,2.1769702434539795
0.50971746,0.7864583333333334,0.519281,0.7770833333333333,2.178784132003784
0.5096204,0.7864583333333334,0.5191823,0.7770833333333333,2.1805689334869385
0.50952363,0.7863541666666667,0.51908374,0.7770833333333333,2.1823344230651855
0.509427,0.7863541666666667,0.5189852,0.7770833333333333,2.184108257293701
0.50933063,0.7863541666666667,0.51888704,0.7770833333333333,2.1858575344085693
0.50923437,0.7863541666666667,0.518789,0.7770833333333333,2.1876380443573
0.5091384,0.7863541666666667,0.5186911,0.7770833333333333,2.1893978118896484
0.5090426,0.7863541666666667,0.51859355,0.7770833333333333,2.191220283508301
0.508947,0.7863541666666667,0.5184961,0.7770833333333333,2.1929855346679688
0.50885165,0.7864583333333334,0.5183988,0.7770833333333333,2.194801092147827
0.5087564,0.7864583333333334,0.5183019,0.7770833333333333,2.196645975112915
0.50866145,0.7864583333333334,0.51820517,0.7770833333333333,2.1983964443206787
0.50856674,0.7864583333333334,0.51810855,0.7770833333333333,2.200150489807129
0.5084722,0.7864583333333334,0.51801217,0.7770833333333333,2.201911211013794
0.50837773,0.7864583333333334,0.5179157,0.7770833333333333,2.203683376312256
0.5082836,0.7864583333333334,0.5178197,0.7770833333333333,2.2054431438446045
0.5081896,0.7866666666666666,0.51772386,0.7770833333333333,2.2072501182556152
0.5080957,0.7866666666666666,0.5176279,0.7770833333333333,2.209017276763916
0.5080021,0.7866666666666666,0.5175323,0.7770833333333333,2.210768222808838
0.5079087,0.7866666666666666,0.5174369,0.7766666666666666,2.2125465869903564
0.5078155,0.7867708333333333,0.5173417,0.7766666666666666,2.214362144470215
0.5077225,0.7867708333333333,0.5172467,0.7766666666666666,2.2161192893981934
0.5076297,0.7867708333333333,0.5171519,0.7766666666666666,2.2178642749786377
0.507537,0.7867708333333333,0.5170572,0.7770833333333333,2.2196450233459473
0.5074446,0.7867708333333333,0.51696277,0.7770833333333333,2.2214787006378174
0.50735235,0.7867708333333333,0.51686853,0.7770833333333333,2.2232375144958496
0.5072603,0.7867708333333333,0.51677465,0.7770833333333333,2.225062847137451
0.50716853,0.7867708333333333,0.51668096,0.7770833333333333,2.226872682571411
0.5070768,0.7867708333333333,0.51658756,0.7770833333333333,2.228626012802124
0.50698537,0.786875,0.5164942,0.7770833333333333,2.2303779125213623
0.5068941,0.786875,0.5164011,0.7770833333333333,2.232194662094116
0.5068031,0.786875,0.5163082,0.7770833333333333,2.2339560985565186
0.5067122,0.786875,0.5162154,0.7770833333333333,2.2357707023620605
0.50662154,0.786875,0.5161227,0.7770833333333333,2.237521171569824
0.506531,0.786875,0.51603013,0.7770833333333333,2.239325523376465
0.50644064,0.786875,0.5159378,0.7770833333333333,2.241152763366699
0.5063506,0.7869791666666667,0.5158456,0.7770833333333333,2.2430219650268555
0.50626063,0.7870833333333334,0.5157535,0.7770833333333333,2.2448434829711914
0.5061709,0.7870833333333334,0.5156616,0.7775,2.246652841567993
0.5060814,0.7871875,0.5155699,0.7775,2.24845552444458
0.505992,0.7871875,0.5154785,0.7775,2.250263214111328
0.5059029,0.7871875,0.5153872,0.7775,2.2520172595977783
0.50581384,0.7872916666666666,0.51529616,0.7775,2.253821849822998
0.5057251,0.7872916666666666,0.5152052,0.7770833333333333,2.25557804107666
0.50563645,0.7872916666666666,0.5151145,0.7770833333333333,2.2573256492614746
0.505548,0.7872916666666666,0.5150239,0.7770833333333333,2.2590839862823486
0.50545985,0.7872916666666666,0.5149336,0.7770833333333333,2.2608704566955566
0.5053717,0.7872916666666666,0.5148433,0.7770833333333333,2.2626326084136963
0.5052839,0.7872916666666666,0.51475334,0.7770833333333333,2.26444673538208
0.50519615,0.7872916666666666,0.5146634,0.7770833333333333,2.266270637512207
0.50510865,0.7873958333333333,0.5145737,0.7770833333333333,2.2680273056030273
0.50502133,0.7873958333333333,0.51448417,0.7770833333333333,2.269774913787842
0.5049342,0.7873958333333333,0.51439494,0.7770833333333333,2.2715353965759277
0.50484717,0.7872916666666666,0.5143058,0.7770833333333333,2.27329158782959
0.5047603,0.7873958333333333,0.514217,0.7770833333333333,2.2750959396362305
0.5046738,0.7873958333333333,0.5141282,0.7770833333333333,2.2769176959991455
0.50458735,0.7873958333333333,0.5140397,0.7770833333333333,2.278735637664795
0.5045011,0.7873958333333333,0.51395124,0.7770833333333333,2.2805593013763428
0.5044151,0.7873958333333333,0.513863,0.7770833333333333,2.2823712825775146
0.50432914,0.7873958333333333,0.513775,0.7770833333333333,2.2841951847076416
0.50424343,0.7873958333333333,0.5136871,0.7770833333333333,2.286005735397339
0.50415784,0.7873958333333333,0.5135996,0.7770833333333333,2.2877721786499023
0.50407255,0.7872916666666666,0.5135122,0.7770833333333333,2.289531707763672
0.5039873,0.7872916666666666,0.51342505,0.7770833333333333,2.2912886142730713
0.50390226,0.7872916666666666,0.5133381,0.7770833333333333,2.293102979660034
0.50381756,0.7872916666666666,0.51325136,0.7770833333333333,2.2949249744415283
0.5037329,0.7872916666666666,0.5131646,0.7766666666666666,2.2967004776000977
0.50364846,0.7871875,0.513078,0.7766666666666666,2.2984750270843506
0.50356424,0.7871875,0.51299167,0.7766666666666666,2.300297737121582
0.50348,0.7871875,0.51290536,0.7766666666666666,2.302056312561035
0.5033961,0.7871875,0.5128194,0.7766666666666666,2.3038201332092285
0.50331235,0.7871875,0.51273364,0.7766666666666666,2.305630922317505
0.50322866,0.7871875,0.512648,0.7770833333333333,2.3074581623077393
0.5031453,0.7870833333333334,0.5125624,0.7770833333333333,2.3092215061187744
0.503062,0.7870833333333334,0.512477,0.7770833333333333,2.3109748363494873
0.5029788,0.7870833333333334,0.51239175,0.7770833333333333,2.3127434253692627
0.5028959,0.7870833333333334,0.5123067,0.7770833333333333,2.314563751220703
0.50281316,0.7870833333333334,0.51222193,0.7770833333333333,2.3163816928863525
0.5027307,0.7870833333333334,0.5121374,0.7770833333333333,2.3182122707366943
0.5026483,0.7870833333333334,0.5120533,0.7770833333333333,2.3199844360351562
0.5025661,0.7870833333333334,0.5119693,0.7770833333333333,2.3217403888702393
0.5024841,0.7870833333333334,0.5118852,0.7770833333333333,2.3236420154571533
0.5024022,0.7870833333333334,0.5118015,0.7770833333333333,2.3254647254943848
0.50232047,0.7870833333333334,0.51171786,0.7770833333333333,2.3272178173065186
0.5022389,0.7870833333333334,0.5116343,0.7775,2.3289754390716553
0.5021575,0.7870833333333334,0.51155096,0.7775,2.330735206604004
0.5020763,0.7870833333333334,0.5114679,0.7775,2.332491636276245
0.50199527,0.7870833333333334,0.51138484,0.7775,2.3342552185058594
0.50191444,0.7870833333333334,0.511302,0.7779166666666667,2.3360819816589355
0.5018336,0.7870833333333334,0.51121926,0.7779166666666667,2.3378992080688477
0.5017531,0.7870833333333334,0.51113665,0.7779166666666667,2.3397252559661865
0.50167274,0.7870833333333334,0.51105434,0.7779166666666667,2.3414838314056396
0.50159246,0.7870833333333334,0.51097226,0.7779166666666667,2.343236207962036
0.50151247,0.7872916666666666,0.51089036,0.7779166666666667,2.345045328140259
0.50143254,0.7872916666666666,0.5108086,0.7779166666666667,2.346794366836548
0.5013529,0.7872916666666666,0.5107269,0.7779166666666667,2.3486101627349854
0.5012734,0.7872916666666666,0.51064533,0.7779166666666667,2.350419044494629
0.50119406,0.7871875,0.5105641,0.7779166666666667,2.3521933555603027
0.5011148,0.7872916666666666,0.51048297,0.7779166666666667,2.3539535999298096
0.5010358,0.7872916666666666,0.51040167,0.7779166666666667,2.3557395935058594
0.50095695,0.7872916666666666,0.5103208,0.7779166666666667,2.3575611114501953
0.5008782,0.7872916666666666,0.51024,0.7779166666666667,2.3593196868896484
0.5007996,0.7872916666666666,0.51015943,0.7779166666666667,2.36108136177063
0.5007213,0.7872916666666666,0.51007897,0.7779166666666667,2.3628978729248047
0.500643,0.7872916666666666,0.5099986,0.7779166666666667,2.364708185195923
0.500565,0.7872916666666666,0.5099184,0.7779166666666667,2.366518497467041
0.500487,0.7871875,0.50983846,0.7779166666666667,2.3682823181152344
0.5004093,0.7871875,0.50975853,0.7779166666666667,2.37003755569458
0.50033164,0.7871875,0.5096786,0.7779166666666667,2.371865749359131
0.50025415,0.7870833333333334,0.509599,0.7779166666666667,2.373631715774536
0.50017685,0.7870833333333334,0.50951964,0.7779166666666667,2.375382423400879
0.5000997,0.7870833333333334,0.5094402,0.7779166666666667,2.3771488666534424
0.50002265,0.7870833333333334,0.509361,0.7779166666666667,2.3789029121398926
0.49994573,0.7872916666666666,0.5092819,0.7779166666666667,2.3806607723236084
0.49986908,0.7872916666666666,0.50920296,0.7779166666666667,2.3824336528778076
0.49979255,0.7873958333333333,0.5091242,0.7779166666666667,2.384197473526001
0.49971613,0.7873958333333333,0.50904554,0.7779166666666667,2.3859593868255615
0.49963984,0.7873958333333333,0.5089669,0.7779166666666667,2.387725353240967
0.49956375,0.7873958333333333,0.5088886,0.7779166666666667,2.389552354812622
0.49948776,0.7875,0.5088103,0.7779166666666667,2.3913140296936035
0.49941203,0.7875,0.5087325,0.7779166666666667,2.393080711364746
0.49933633,0.7875,0.50865483,0.7779166666666667,2.3948278427124023
0.4992608,0.7875,0.5085774,0.7779166666666667,2.3965978622436523
0.49918544,0.7875,0.5085001,0.7779166666666667,2.3984265327453613
0.49911025,0.7875,0.5084227,0.7779166666666667,2.4002416133880615
0.49903524,0.7875,0.50834554,0.7783333333333333,2.40199613571167
0.49896023,0.7875,0.50826854,0.77875,2.403754234313965
0.49888554,0.7875,0.5081917,0.77875,2.4055633544921875
0.4988109,0.7873958333333333,0.50811493,0.77875,2.4073731899261475
0.4987364,0.7873958333333333,0.50803834,0.77875,2.409137487411499
0.4986621,0.7873958333333333,0.5079619,0.77875,2.4109513759613037
0.49858797,0.7873958333333333,0.5078857,0.77875,2.412771224975586
0.49851394,0.7873958333333333,0.5078096,0.77875,2.414576292037964
0.4984401,0.7873958333333333,0.5077335,0.77875,2.4163520336151123
0.4983664,0.7873958333333333,0.50765777,0.77875,2.418114423751831
0.4982928,0.7873958333333333,0.50758207,0.77875,2.419877767562866
0.4982193,0.7873958333333333,0.5075065,0.77875,2.4216458797454834
0.49814606,0.7873958333333333,0.50743085,0.77875,2.4234776496887207
0.49807286,0.7873958333333333,0.5073557,0.77875,2.425278902053833
0.49799988,0.7875,0.5072807,0.77875,2.4270358085632324
0.4979271,0.7875,0.50720596,0.77875,2.428800344467163
0.49785435,0.7873958333333333,0.5071312,0.77875,2.4306182861328125
0.49778184,0.7871875,0.50705665,0.77875,2.4324374198913574
0.4977094,0.7872916666666666,0.5069822,0.77875,2.4341962337493896
0.49763718,0.7872916666666666,0.50690794,0.77875,2.4360239505767822
0.4975651,0.7872916666666666,0.50683373,0.77875,2.4378340244293213
0.49749303,0.7872916666666666,0.50675964,0.7791666666666667,2.4396514892578125
0.49742126,0.7872916666666666,0.5066856,0.7795833333333333,2.4414196014404297
0.49734956,0.7873958333333333,0.50661194,0.7795833333333333,2.4432427883148193
0.49727795,0.7873958333333333,0.50653857,0.7795833333333333,2.445070266723633
0.49720657,0.7873958333333333,0.50646514,0.7795833333333333,2.446883201599121
0.49713525,0.7873958333333333,0.5063919,0.7795833333333333,2.4486491680145264
0.49706405,0.7873958333333333,0.50631887,0.7795833333333333,2.450460433959961
0.4969931,0.7873958333333333,0.5062461,0.78,2.4522688388824463
0.49692225,0.7873958333333333,0.5061734,0.78,2.454021692276001
0.4968515,0.7873958333333333,0.50610083,0.78,2.455841302871704
0.4967809,0.7873958333333333,0.5060285,0.78,2.4576032161712646
0.49671057,0.7873958333333333,0.5059563,0.78,2.459365129470825
0.4966402,0.7872916666666666,0.5058843,0.78,2.4611284732818604
0.49657008,0.7872916666666666,0.5058124,0.78,2.4628801345825195
0.4965001,0.7872916666666666,0.5057406,0.78,2.464639902114868
0.49643025,0.7871875,0.5056688,0.78,2.4663889408111572
0.49636057,0.7872916666666666,0.50559723,0.78,2.468149185180664
0.4962909,0.7871875,0.5055257,0.78,2.4699134826660156
0.49622142,0.7870833333333334,0.50545436,0.78,2.471726894378662
0.4961522,0.7870833333333334,0.5053831,0.78,2.4734840393066406
0.49608296,0.7870833333333334,0.50531185,0.78,2.4752986431121826
0.49601394,0.7870833333333334,0.50524086,0.78,2.4770665168762207
0.49594498,0.7870833333333334,0.5051701,0.78,2.478816270828247
0.49587622,0.7870833333333334,0.50509936,0.78,2.4806411266326904
0.49580756,0.7870833333333334,0.5050288,0.78,2.4823989868164062
0.49573907,0.7870833333333334,0.50495833,0.78,2.484229803085327
0.49567074,0.7870833333333334,0.5048879,0.78,2.4860379695892334
0.49560246,0.7871875,0.50481755,0.78,2.4878578186035156
0.49553436,0.7871875,0.5047472,0.78,2.489614963531494
0.49546635,0.7871875,0.5046771,0.78,2.4914417266845703
0.49539846,0.7872916666666666,0.50460714,0.78,2.4932496547698975
0.49533072,0.7872916666666666,0.5045373,0.78,2.4950664043426514
0.49526328,0.7872916666666666,0.50446767,0.78,2.496831178665161
0.49519578,0.7872916666666666,0.5043983,0.78,2.49863600730896
0.49512854,0.7872916666666666,0.50432914,0.78,2.500462055206299
0.49506128,0.7872916666666666,0.50426024,0.78,2.5022215843200684
0.4949943,0.7872916666666666,0.5041913,0.78,2.5039896965026855
0.4949274,0.7872916666666666,0.50412256,0.7804166666666666,2.505764961242676
0.49486068,0.7871875,0.50405395,0.7804166666666666,2.507601022720337
0.49479407,0.7871875,0.50398535,0.7804166666666666,2.5093626976013184
0.49472752,0.7870833333333334,0.5039169,0.7804166666666666,2.511176109313965
0.49466115,0.7870833333333334,0.5038485,0.7804166666666666,2.5130035877227783
0.49459487,0.7870833333333334,0.5037803,0.7804166666666666,2.5148277282714844
0.4945287,0.7870833333333334,0.5037123,0.7804166666666666,2.516631841659546
0.49446273,0.7870833333333334,0.5036442,0.7804166666666666,2.51839542388916
0.49439687,0.7870833333333334,0.5035765,0.7804166666666666,2.5202219486236572
0.49433115,0.7870833333333334,0.503509,0.7804166666666666,2.5220370292663574
0.4942656,0.7871875,0.5034414,0.7804166666666666,2.5238094329833984
0.4942002,0.7871875,0.50337386,0.7804166666666666,2.5255870819091797
0.4941348,0.7871875,0.50330645,0.7804166666666666,2.527423143386841
0.49406952,0.7871875,0.50323945,0.7804166666666666,2.5292365550994873
0.4940046,0.7871875,0.5031723,0.7804166666666666,2.531012535095215
0.4939396,0.7871875,0.5031053,0.7804166666666666,2.5327796936035156
0.49387473,0.7872916666666666,0.5030384,0.7804166666666666,2.5345356464385986
0.49380997,0.7872916666666666,0.5029715,0.7804166666666666,2.536353826522827
0.49374527,0.7872916666666666,0.5029048,0.7808333333333334,2.5381035804748535
0.49368078,0.7873958333333333,0.50283813,0.7808333333333334,2.539915084838867
0.4936165,0.7873958333333333,0.5027717,0.7808333333333334,2.541729688644409
0.4935522,0.7873958333333333,0.50270516,0.7808333333333334,2.543501615524292
0.49348804,0.7873958333333333,0.5026389,0.7808333333333334,2.545316457748413
0.49342412,0.7873958333333333,0.5025727,0.7808333333333334,2.54707407951355
0.49336025,0.7873958333333333,0.5025068,0.7808333333333334,2.5488357543945312
0.49329644,0.7873958333333333,0.50244087,0.7808333333333334,2.550590753555298
0.49323282,0.7873958333333333,0.50237507,0.7808333333333334,2.552415132522583
0.4931693,0.7873958333333333,0.5023094,0.7808333333333334,2.554220199584961
0.49310598,0.7875,0.5022439,0.7808333333333334,2.5560476779937744
0.49304265,0.7875,0.50217843,0.7808333333333334,2.557828426361084
0.49297953,0.7875,0.5021133,0.7808333333333334,2.559600353240967
0.49291652,0.7875,0.50204813,0.7808333333333334,2.5614373683929443
0.4928536,0.7876041666666667,0.50198317,0.7808333333333334,2.5632574558258057
0.49279088,0.7876041666666667,0.5019183,0.7808333333333334,2.5650224685668945
0.49272823,0.7877083333333333,0.5018537,0.7808333333333334,2.566777229309082
0.4926657,0.7877083333333333,0.5017889,0.7808333333333334,2.5685417652130127
0.4926033,0.7877083333333333,0.5017244,0.7808333333333334,2.5703587532043457
0.492541,0.7876041666666667,0.5016599,0.7808333333333334,2.57216739654541
0.4924788,0.7876041666666667,0.5015957,0.7808333333333334,2.5739691257476807
0.49241668,0.7877083333333333,0.5015314,0.7808333333333334,2.5757803916931152
0.49235475,0.7877083333333333,0.5014674,0.7808333333333334,2.5775365829467773
0.49229294,0.7877083333333333,0.5014036,0.7808333333333334,2.5792949199676514
0.49223125,0.7877083333333333,0.50133985,0.7808333333333334,2.5810608863830566
0.4921696,0.7877083333333333,0.5012762,0.7808333333333334,2.5828189849853516
0.4921081,0.7876041666666667,0.50121266,0.7804166666666666,2.5845842361450195
0.49204677,0.7876041666666667,0.5011491,0.7804166666666666,2.586333990097046
0.49198547,0.7876041666666667,0.501086,0.7804166666666666,2.5881543159484863
0.49192435,0.7876041666666667,0.5010229,0.7804166666666666,2.589904546737671
0.4918633,0.7876041666666667,0.50096005,0.7804166666666666,2.591742992401123
0.4918025,0.7877083333333333,0.5008971,0.7804166666666666,2.5935068130493164
0.49174178,0.7878125,0.5008344,0.7804166666666666,2.5952625274658203
0.4916811,0.7878125,0.50077164,0.7804166666666666,2.5970242023468018
0.49162054,0.7878125,0.50070906,0.7804166666666666,2.5989277362823486
0.49156016,0.7878125,0.50064665,0.7804166666666666,2.6007509231567383
0.49149984,0.7878125,0.5005842,0.78,2.602614402770996
0.4914396,0.7879166666666667,0.5005219,0.78,2.6043858528137207
0.49137956,0.7879166666666667,0.5004598,0.7804166666666666,2.606151580810547
0.49131954,0.7879166666666667,0.5003978,0.7804166666666666,2.6079256534576416
0.49125972,0.7879166666666667,0.5003359,0.7804166666666666,2.609687566757202
0.4911999,0.7879166666666667,0.5002739,0.7804166666666666,2.61151123046875
0.49114034,0.7878125,0.50021225,0.7804166666666666,2.6132616996765137
0.4910808,0.7878125,0.50015074,0.7804166666666666,2.615077495574951
0.49102136,0.7878125,0.5000893,0.7804166666666666,2.616846799850464
0.49096206,0.7878125,0.500028,0.7804166666666666,2.6186091899871826
0.4909029,0.7878125,0.49996695,0.7804166666666666,2.620374917984009
0.49084386,0.7878125,0.4999058,0.7804166666666666,2.6221373081207275
0.49078485,0.7878125,0.49984476,0.7804166666666666,2.623966693878174
0.49072602,0.7878125,0.49978387,0.7804166666666666,2.625779867172241
0.49066722,0.7878125,0.499723,0.7804166666666666,2.6275994777679443
0.49060863,0.7878125,0.49966222,0.7804166666666666,2.62935471534729
0.49055007,0.7878125,0.49960163,0.7804166666666666,2.631169557571411
0.49049154,0.7878125,0.4995411,0.7804166666666666,2.6329293251037598
0.49043325,0.7878125,0.4994806,0.7804166666666666,2.6346871852874756
0.49037495,0.7879166666666667,0.49942023,0.7804166666666666,2.636464834213257
0.49031687,0.7879166666666667,0.4993599,0.7804166666666666,2.6382267475128174
0.49025878,0.7878125,0.49929976,0.78,2.6399965286254883
0.49020082,0.7878125,0.4992398,0.78,2.64174747467041
0.4901429,0.7878125,0.49917993,0.78,2.6435158252716064
0.4900853,0.7878125,0.49912027,0.7795833333333333,2.645270347595215
0.49002767,0.7878125,0.49906078,0.7795833333333333,2.647019624710083
0.4899702,0.7878125,0.49900126,0.7795833333333333,2.648841381072998
0.48991278,0.7879166666666667,0.49894202,0.7795833333333333,2.6506659984588623
0.48985544,0.7879166666666667,0.49888286,0.7795833333333333,2.6524434089660645
0.48979837,0.7879166666666667,0.49882364,0.7795833333333333,2.654254198074341
0.48974127,0.7879166666666667,0.4987647,0.7795833333333333,2.6560144424438477
0.48968434,0.7880208333333333,0.4987057,0.7795833333333333,2.6578288078308105
0.48962748,0.7880208333333333,0.498647,0.7795833333333333,2.6596598625183105
0.48957077,0.7880208333333333,0.4985882,0.7795833333333333,2.6614668369293213
0.4895142,0.788125,0.49852967,0.7795833333333333,2.6632816791534424
0.4894576,0.788125,0.49847117,0.7795833333333333,2.665036201477051
0.4894012,0.7880208333333333,0.49841282,0.7795833333333333,2.666785717010498
0.4893449,0.7880208333333333,0.49835464,0.7795833333333333,2.668553352355957
0.48928878,0.7880208333333333,0.4982965,0.7795833333333333,2.6703076362609863
0.48923263,0.7880208333333333,0.49823868,0.7804166666666666,2.6720621585845947
0.48917675,0.7880208333333333,0.49818084,0.7804166666666666,2.6738204956054688
0.4891209,0.7880208333333333,0.4981231,0.7804166666666666,2.675581216812134
0.48906508,0.7880208333333333,0.4980655,0.7804166666666666,2.677402973175049
0.4890095,0.7880208333333333,0.49800795,0.7804166666666666,2.6792218685150146
0.48895392,0.7879166666666667,0.4979505,0.7804166666666666,2.6809840202331543
0.48889852,0.7879166666666667,0.49789327,0.7804166666666666,2.682736396789551
0.48884314,0.7879166666666667,0.49783614,0.7804166666666666,2.6845059394836426
0.48878795,0.7879166666666667,0.49777913,0.7804166666666666,2.6863162517547607
0.4887329,0.7879166666666667,0.49772227,0.7804166666666666,2.6881377696990967
0.48867783,0.7879166666666667,0.49766546,0.7804166666666666,2.6899502277374268
0.488623,0.7879166666666667,0.4976089,0.7804166666666666,2.6917636394500732
0.48856822,0.7879166666666667,0.49755228,0.7804166666666666,2.693577527999878
0.4885135,0.7879166666666667,0.49749583,0.7804166666666666,2.695336103439331
0.4884589,0.7879166666666667,0.49743953,0.7804166666666666,2.6971487998962402
0.48840445,0.7879166666666667,0.49738318,0.7804166666666666,2.6989035606384277
0.48835018,0.7880208333333333,0.49732706,0.7804166666666666,2.7006633281707764
0.48829594,0.7880208333333333,0.49727103,0.7804166666666666,2.7024221420288086
0.4882418,0.7880208333333333,0.497215,0.7804166666666666,2.7041773796081543
0.48818776,0.7880208333333333,0.4971592,0.7804166666666666,2.7059264183044434
0.48813376,0.7880208333333333,0.4971035,0.7804166666666666,2.707751750946045
0.48807988,0.7880208333333333,0.49704772,0.7804166666666666,2.7095136642456055
0.4880261,0.7880208333333333,0.4969922,0.7804166666666666,2.7112622261047363
0.48797247,0.7880208333333333,0.49693674,0.7804166666666666,2.713020086288452
0.487919,0.7880208333333333,0.4968813,0.7804166666666666,2.714773178100586
0.48786545,0.788125,0.49682602,0.7804166666666666,2.716545581817627
0.4878122,0.7882291666666666,0.4967709,0.7804166666666666,2.7183687686920166
0.487759,0.7883333333333333,0.49671575,0.7804166666666666,2.7201974391937256
0.4877058,0.7883333333333333,0.49666077,0.7804166666666666,2.721954584121704
0.48765275,0.7883333333333333,0.49660578,0.7804166666666666,2.723712682723999
0.48759973,0.7883333333333333,0.49655092,0.7808333333333334,2.7254676818847656
0.48754683,0.7884375,0.49649608,0.7808333333333334,2.7272913455963135
0.4874941,0.7884375,0.4964414,0.7808333333333334,2.7290537357330322
0.48744142,0.7884375,0.4963867,0.7808333333333334,2.730807304382324
0.48738876,0.7884375,0.49633214,0.7808333333333334,2.732631206512451
0.48733622,0.7884375,0.49627766,0.7808333333333334,2.7344517707824707
0.48728383,0.7884375,0.49622303,0.7808333333333334,2.7362561225891113
0.48723143,0.7884375,0.4961686,0.7804166666666666,2.7380149364471436
0.48717922,0.7884375,0.4961144,0.7804166666666666,2.7397823333740234
0.48712704,0.7884375,0.49606022,0.7804166666666666,2.741532325744629
0.48707494,0.7884375,0.49600616,0.7808333333333334,2.74328351020813
0.48702297,0.7884375,0.49595225,0.7808333333333334,2.7450525760650635
0.48697108,0.7884375,0.49589825,0.7808333333333334,2.746817111968994
0.48691925,0.7884375,0.49584433,0.7808333333333334,2.7485833168029785
0.48686752,0.7884375,0.49579057,0.7808333333333334,2.7503392696380615
0.48681596,0.7884375,0.4957369,0.7808333333333334,2.752162218093872
0.48676437,0.7884375,0.49568334,0.7808333333333334,2.7539782524108887
0.48671296,0.7884375,0.49563003,0.7808333333333334,2.7557950019836426
0.48666158,0.7884375,0.49557662,0.7808333333333334,2.757545232772827
0.48661035,0.7884375,0.49552348,0.7808333333333334,2.7593045234680176
0.48655915,0.7884375,0.49547032,0.7808333333333334,2.7611184120178223
0.48650813,0.7884375,0.49541742,0.7808333333333334,2.7629477977752686
0.48645717,0.7884375,0.49536455,0.7808333333333334,2.7647244930267334
0.4864063,0.7884375,0.4953119,0.78125,2.7664875984191895
0.48635554,0.7884375,0.49525934,0.78125,2.7682573795318604
0.48630488,0.7884375,0.49520686,0.78125,2.770015001296997
0.48625433,0.7883333333333333,0.49515474,0.7808333333333334,2.7717740535736084
0.48620388,0.7884375,0.49510273,0.7808333333333334,2.7735469341278076
0.4861535,0.7886458333333334,0.49505088,0.7808333333333334,2.775362968444824
0.48610333,0.7886458333333334,0.49499893,0.7808333333333334,2.777134895324707
0.48605317,0.7886458333333334,0.49494725,0.7808333333333334,2.7789576053619385
0.48600307,0.7885416666666667,0.49489567,0.7808333333333334,2.7807376384735107
0.48595315,0.7885416666666667,0.49484417,0.7808333333333334,2.7824931144714355
0.48590332,0.7885416666666667,0.49479285,0.7808333333333334,2.7842655181884766
0.48585346,0.7885416666666667,0.49474168,0.7808333333333334,2.786020517349243
0.48580387,0.7885416666666667,0.4946905,0.7808333333333334,2.787856340408325
0.48575428,0.7885416666666667,0.49463943,0.7808333333333334,2.789658784866333
0.4857048,0.7885416666666667,0.49458846,0.78125,2.7914257049560547
0.48565546,0.7885416666666667,0.4945375,0.78125,2.7931933403015137
0.4856062,0.7885416666666667,0.4944866,0.78125,2.7949485778808594
0.485557,0.7885416666666667,0.4944358,0.78125,2.796717643737793
0.4855079,0.7885416666666667,0.49438503,0.78125,2.798534870147705
0.48545882,0.7885416666666667,0.49433437,0.78125,2.8003528118133545
0.48540992,0.7885416666666667,0.4942837,0.78125,2.802105188369751
0.48536107,0.7884375,0.49423313,0.78125,2.8038575649261475
0.48531234,0.7884375,0.49418265,0.78125,2.8056788444519043
0.48526374,0.7884375,0.49413228,0.7816666666666666,2.8074419498443604
0.48521504,0.7884375,0.49408203,0.7816666666666666,2.809199333190918
0.48516658,0.7883333333333333,0.49403182,0.7816666666666666,2.810959577560425
0.4851182,0.7883333333333333,0.49398172,0.7816666666666666,2.8127827644348145
0.48506984,0.7883333333333333,0.49393162,0.7816666666666666,2.8145971298217773
0.48502156,0.7883333333333333,0.49388152,0.7816666666666666,2.816417932510376
0.48497346,0.7883333333333333,0.49383157,0.7816666666666666,2.8181848526000977
0.4849254,0.7883333333333333,0.49378183,0.7816666666666666,2.819953441619873
0.4848774,0.7883333333333333,0.4937321,0.7816666666666666,2.8217058181762695
0.4848296,0.7883333333333333,0.49368244,0.7816666666666666,2.8234667778015137
0.4847818,0.7883333333333333,0.49363306,0.7816666666666666,2.825223207473755
0.48473415,0.7882291666666666,0.4935836,0.7816666666666666,2.8270561695098877
0.48468652,0.7882291666666666,0.49353418,0.7816666666666666,2.8288228511810303
0.484639,0.7883333333333333,0.49348494,0.7816666666666666,2.8305933475494385
0.48459163,0.7883333333333333,0.49343577,0.7816666666666666,2.8323593139648438
0.48454416,0.7883333333333333,0.4933867,0.7816666666666666,2.8341686725616455
0.48449698,0.7882291666666666,0.49333787,0.7816666666666666,2.8359923362731934
0.48444983,0.788125,0.49328908,0.7820833333333334,2.8378074169158936
0.48440278,0.788125,0.4932403,0.7820833333333334,2.839571714401245
0.48435572,0.788125,0.49319148,0.7820833333333334,2.841338634490967
0.48430878,0.788125,0.49314275,0.7820833333333334,2.8431544303894043
0.48426193,0.788125,0.49309424,0.7820833333333334,2.8449249267578125
0.48421523,0.788125,0.49304572,0.7820833333333334,2.846684455871582
0.48416856,0.7880208333333333,0.49299714,0.7820833333333334,2.848459005355835
0.48412192,0.7880208333333333,0.4929485,0.7820833333333334,2.850274085998535
0.48407546,0.7880208333333333,0.49290007,0.7820833333333334,2.852043867111206
0.48402902,0.788125,0.49285182,0.7820833333333334,2.853858709335327
0.48398268,0.7880208333333333,0.4928036,0.7820833333333334,2.8556711673736572
0.48393646,0.788125,0.49275532,0.7816666666666666,2.857435941696167
0.48389024,0.788125,0.49270722,0.7816666666666666,2.8591883182525635
0.4838442,0.788125,0.4926592,0.7816666666666666,2.861021041870117
0.48379812,0.788125,0.49261138,0.7816666666666666,2.862783193588257
0.48375228,0.788125,0.49256352,0.7816666666666666,2.8645472526550293
0.48370636,0.788125,0.49251583,0.7816666666666666,2.866353988647461
0.48366058,0.788125,0.4924682,0.7816666666666666,2.8681793212890625
0.48361495,0.788125,0.49242064,0.7816666666666666,2.869997978210449
0.48356938,0.788125,0.4923732,0.7816666666666666,2.871818780899048
0.48352388,0.7882291666666666,0.4923259,0.7816666666666666,2.8735744953155518
0.4834784,0.7882291666666666,0.4922785,0.7820833333333334,2.875380516052246
0.48343307,0.788125,0.49223146,0.7820833333333334,2.8771965503692627
0.4833878,0.788125,0.49218404,0.7820833333333334,2.87895131111145
0.4833426,0.788125,0.49213684,0.7820833333333334,2.880713939666748
0.48329747,0.788125,0.4920897,0.7820833333333334,2.8824856281280518
0.48325232,0.7880208333333333,0.4920426,0.7820833333333334,2.884256601333618
0.4832074,0.7880208333333333,0.4919957,0.7820833333333334,2.886018991470337
0.48316243,0.7880208333333333,0.4919489,0.7820833333333334,2.887845754623413
0.48311767,0.7880208333333333,0.49190217,0.7820833333333334,2.8896610736846924
0.48307288,0.7879166666666667,0.4918554,0.7820833333333334,2.891422748565674
0.4830282,0.7880208333333333,0.4918089,0.7820833333333334,2.8931820392608643
0.48298356,0.7880208333333333,0.49176228,0.7820833333333334,2.894986629486084
0.48293895,0.7880208333333333,0.49171585,0.7820833333333334,2.8967578411102295
0.48289454,0.788125,0.4916695,0.7820833333333334,2.89851450920105
0.48285007,0.7880208333333333,0.49162313,0.7820833333333334,2.900275230407715
0.48280588,0.7880208333333333,0.49157688,0.7820833333333334,2.9020347595214844
0.48276165,0.7880208333333333,0.49153087,0.7820833333333334,2.9038546085357666
0.48271742,0.788125,0.4914848,0.7820833333333334,2.9056203365325928
0.48267335,0.788125,0.4914388,0.7820833333333334,2.907437562942505
0.4826294,0.788125,0.49139297,0.7820833333333334,2.909193992614746
0.48258546,0.788125,0.49134713,0.7820833333333334,2.911020517349243
0.48254165,0.788125,0.49130148,0.7820833333333334,2.9128425121307373
0.4824979,0.788125,0.4912558,0.7820833333333334,2.914597749710083
0.48245418,0.788125,0.49121022,0.7820833333333334,2.9163601398468018
0.48241052,0.788125,0.49116465,0.7820833333333334,2.9181137084960938
0.48236695,0.788125,0.4911193,0.7820833333333334,2.919875144958496
0.48232347,0.788125,0.4910739,0.7820833333333334,2.921631097793579
0.48228008,0.788125,0.49102876,0.7820833333333334,2.9233789443969727
0.48223674,0.788125,0.49098352,0.7820833333333334,2.9251418113708496
0.48219344,0.788125,0.49093857,0.7825,2.926896333694458
0.48215038,0.788125,0.49089372,0.7825,2.928647041320801
0.48210728,0.788125,0.49084884,0.7825,2.930403470993042
0.4820643,0.788125,0.490804,0.7825,2.9321510791778564
0.48202133,0.788125,0.49075937,0.7825,2.9339098930358887
0.48197857,0.788125,0.4907146,0.7825,2.9356658458709717
0.48193574,0.788125,0.4906701,0.7825,2.937420606613159
0.481893,0.788125,0.49062556,0.7825,2.9391705989837646
0.4818504,0.788125,0.49058115,0.7825,2.9409303665161133
0.48180786,0.788125,0.49053702,0.7825,2.94268536567688
0.48176545,0.7882291666666666,0.49049282,0.7825,2.9445083141326904
0.48172298,0.7882291666666666,0.4904488,0.7825,2.946255922317505
0.4816807,0.7882291666666666,0.49040475,0.7825,2.9480161666870117
0.4816384,0.7882291666666666,0.49036083,0.7825,2.94976806640625
0.48159626,0.7882291666666666,0.49031684,0.7825,2.9515297412872314
0.4815542,0.7882291666666666,0.4902731,0.7825,2.9533441066741943
0.4815121,0.7882291666666666,0.4902294,0.7825,2.9551522731781006
0.4814702,0.7882291666666666,0.49018574,0.7825,2.9569129943847656
0.48142827,0.7882291666666666,0.4901421,0.7825,2.9587395191192627
0.4813865,0.7882291666666666,0.49009857,0.7825,2.960505247116089
0.48134476,0.7882291666666666,0.49005508,0.7825,2.962266683578491
0.4813031,0.7882291666666666,0.4900117,0.7825,2.964101791381836
0.4812615,0.7882291666666666,0.48996848,0.7825,2.965872287750244
0.48121998,0.7882291666666666,0.48992512,0.7825,2.967654228210449
0.48117858,0.788125,0.48988196,0.7825,2.9694173336029053
0.48113713,0.7882291666666666,0.48983878,0.7825,2.9711906909942627
0.48109582,0.7882291666666666,0.48979568,0.7825,2.9730112552642822
0.48105457,0.7882291666666666,0.48975265,0.7825,2.974766969680786
0.4810134,0.7882291666666666,0.48970973,0.7825,2.9765946865081787
0.4809723,0.7882291666666666,0.48966694,0.7825,2.978351354598999
0.48093128,0.7882291666666666,0.48962408,0.7825,2.980119466781616
0.48089036,0.7882291666666666,0.48958147,0.7825,2.9819319248199463
0.48084944,0.7882291666666666,0.48953882,0.7825,2.9837496280670166
0.48080862,0.788125,0.48949632,0.7825,2.9855570793151855
0.48076794,0.788125,0.48945388,0.7825,2.9873104095458984
0.4807272,0.788125,0.48941153,0.7825,2.9890711307525635
0.48068663,0.788125,0.48936903,0.7825,2.990823745727539
0.48064604,0.7880208333333333,0.4893267,0.7825,2.992579698562622
0.4806055,0.7879166666666667,0.4892843,0.7825,2.9943296909332275
0.48056507,0.7879166666666667,0.48924205,0.7825,2.9960896968841553
0.48052484,0.7879166666666667,0.48919988,0.7820833333333334,2.9978442192077637
0.48048452,0.7879166666666667,0.48915777,0.7820833333333334,2.9996964931488037
0.48044422,0.7879166666666667,0.48911574,0.7820833333333334,3.0014612674713135
0.4804041,0.7878125,0.48907384,0.7820833333333334,3.0032131671905518
0.48036408,0.7878125,0.48903188,0.7820833333333334,3.004979133605957
0.480324,0.7878125,0.48899007,0.7820833333333334,3.0067391395568848
0.48028407,0.7878125,0.48894832,0.7820833333333334,3.008573055267334
0.48024425,0.7878125,0.48890665,0.7820833333333334,3.0103342533111572
0.48020446,0.7878125,0.4888651,0.7820833333333334,3.012159585952759
0.48016465,0.7878125,0.48882365,0.7820833333333334,3.013974905014038
0.480125,0.7878125,0.4887824,0.7820833333333334,3.015742301940918
0.48008546,0.7878125,0.48874116,0.7820833333333334,3.0175507068634033
0.4800459,0.7878125,0.48870006,0.7820833333333334,3.0193705558776855
0.48000652,0.7878125,0.4886589,0.7820833333333334,3.021186113357544
0.47996715,0.7878125,0.4886179,0.7820833333333334,3.022944927215576
0.47992778,0.7879166666666667,0.48857698,0.7820833333333334,3.0247044563293457
0.47988862,0.7879166666666667,0.48853612,0.7820833333333334,3.0264580249786377
0.47984946,0.7879166666666667,0.4884953,0.7820833333333334,3.028228759765625
0.4798104,0.7879166666666667,0.48845455,0.7820833333333334,3.029994249343872
0.47977132,0.7879166666666667,0.4884139,0.7820833333333334,3.031818151473999
0.4797323,0.7879166666666667,0.48837322,0.7820833333333334,3.0336313247680664
0.4796934,0.7879166666666667,0.48833266,0.7816666666666666,3.0354535579681396
0.47965458,0.7879166666666667,0.48829225,0.7816666666666666,3.037213087081909
0.47961584,0.7878125,0.48825186,0.7816666666666666,3.039034128189087
0.47957718,0.7878125,0.4882115,0.7816666666666666,3.040853261947632
0.47953856,0.7878125,0.4881712,0.7816666666666666,3.042612314224243
0.47949997,0.7877083333333333,0.4881311,0.7816666666666666,3.044426679611206
0.47946152,0.7877083333333333,0.4880911,0.7816666666666666,3.0461840629577637
0.47942317,0.7877083333333333,0.48805115,0.7816666666666666,3.047957420349121
0.4793848,0.7877083333333333,0.4880112,0.7816666666666666,3.0497708320617676
0.4793465,0.7877083333333333,0.48797145,0.7816666666666666,3.051596164703369
0.47930843,0.7877083333333333,0.48793173,0.7816666666666666,3.053353786468506
0.47927016,0.7877083333333333,0.48789194,0.7816666666666666,3.0551066398620605
0.4792322,0.7877083333333333,0.48785233,0.7816666666666666,3.056943893432617
0.47919413,0.7877083333333333,0.48781282,0.7816666666666666,3.0587034225463867
0.4791562,0.7878125,0.48777333,0.7816666666666666,3.060512065887451
0.4791184,0.7878125,0.48773393,0.78125,3.0623157024383545
0.47908056,0.7878125,0.4876945,0.78125,3.064077377319336
0.47904283,0.7878125,0.48765522,0.78125,3.065887451171875
0.47900522,0.7878125,0.48761597,0.78125,3.0677151679992676
0.47896764,0.7878125,0.48757696,0.78125,3.0694713592529297
0.47893015,0.7878125,0.48753795,0.78125,3.0712156295776367
0.47889268,0.7878125,0.48749888,0.78125,3.0729806423187256
0.47885528,0.7878125,0.48746002,0.78125,3.074786901473999
0.478818,0.7878125,0.48742115,0.78125,3.0766096115112305
0.47878078,0.7878125,0.48738235,0.78125,3.078374147415161
0.47874355,0.7878125,0.48734364,0.78125,3.080139636993408
0.47870642,0.7878125,0.48730496,0.78125,3.0818870067596436
0.47866935,0.7878125,0.48726624,0.78125,3.083711624145508
0.4786323,0.7878125,0.48722774,0.78125,3.085468292236328
0.47859538,0.7878125,0.4871893,0.78125,3.087218999862671
0.4785586,0.7878125,0.4871508,0.78125,3.0890307426452637
0.47852173,0.7879166666666667,0.4871123,0.78125,3.090780735015869
0.47848496,0.7879166666666667,0.48707408,0.78125,3.092606782913208
0.47844833,0.7879166666666667,0.48703578,0.78125,3.094418525695801
0.4784117,0.7879166666666667,0.48699751,0.78125,3.0961754322052
0.4783752,0.7879166666666667,0.48695934,0.78125,3.0979325771331787
0.47833872,0.7879166666666667,0.48692122,0.7808333333333334,3.0997018814086914
0.4783023,0.7879166666666667,0.48688304,0.7808333333333334,3.101457118988037
0.47826588,0.7880208333333333,0.4868451,0.7808333333333334,3.103315591812134
0.4782296,0.7880208333333333,0.4868071,0.7808333333333334,3.1050894260406494
0.47819337,0.7880208333333333,0.48676917,0.7808333333333334,3.1068952083587646
0.4781571,0.7880208333333333,0.4867314,0.7808333333333334,3.1086678504943848
0.47812104,0.7880208333333333,0.48669362,0.7808333333333334,3.110477924346924
0.47808498,0.7880208333333333,0.4866559,0.7808333333333334,3.112248182296753
0.47804895,0.7880208333333333,0.4866183,0.7808333333333334,3.1140618324279785
0.47801304,0.7880208333333333,0.4865809,0.7808333333333334,3.115882158279419
0.4779772,0.7880208333333333,0.48654342,0.7808333333333334,3.1176493167877197
0.4779414,0.7880208333333333,0.48650613,0.7808333333333334,3.119462728500366
0.4779057,0.7880208333333333,0.48646885,0.7808333333333334,3.1212120056152344
0.47786993,0.7880208333333333,0.48643163,0.7808333333333334,3.1229665279388428
0.47783437,0.7880208333333333,0.4863945,0.7808333333333334,3.12477970123291
0.47779888,0.7880208333333333,0.48635736,0.7808333333333334,3.1265411376953125
0.47776332,0.7880208333333333,0.4863203,0.7808333333333334,3.128358840942383
0.47772786,0.7879166666666667,0.48628327,0.7808333333333334,3.130112648010254
0.4776925,0.7879166666666667,0.48624635,0.7808333333333334,3.1319406032562256
0.47765723,0.7879166666666667,0.4862095,0.7808333333333334,3.1337549686431885
0.47762197,0.7880208333333333,0.4861726,0.7808333333333334,3.1355643272399902
0.47758678,0.7880208333333333,0.48613587,0.7808333333333334,3.137376546859741
0.47755167,0.7879166666666667,0.4860991,0.7808333333333334,3.1391830444335938
0.4775166,0.7879166666666667,0.4860624,0.7808333333333334,3.1410024166107178
0.47748157,0.7879166666666667,0.48602575,0.7808333333333334,3.1428091526031494
0.47744665,0.7879166666666667,0.48598918,0.7808333333333334,3.144625186920166
0.47741175,0.7879166666666667,0.48595262,0.7808333333333334,3.1463797092437744
0.47737685,0.7879166666666667,0.48591593,0.7808333333333334,3.148132562637329
0.47734213,0.7879166666666667,0.4858793,0.7808333333333334,3.149878978729248
0.47730732,0.7880208333333333,0.4858426,0.7808333333333334,3.1516950130462646
0.47727254,0.7880208333333333,0.48580593,0.7808333333333334,3.153447389602661
0.47723797,0.7880208333333333,0.48576936,0.7808333333333334,3.155258893966675
0.4772033,0.7880208333333333,0.48573294,0.7808333333333334,3.157015323638916
0.47716877,0.7880208333333333,0.48569652,0.7808333333333334,3.158830165863037
0.47713414,0.7880208333333333,0.4856602,0.7808333333333334,3.1606476306915283
0.47709987,0.7880208333333333,0.48562387,0.7808333333333334,3.1624553203582764
0.47706538,0.7880208333333333,0.48558766,0.7808333333333334,3.1642115116119385
0.47703105,0.7880208333333333,0.48555157,0.7808333333333334,3.1659679412841797
0.4769968,0.7880208333333333,0.48551553,0.7808333333333334,3.167728900909424
0.4769626,0.7880208333333333,0.48547944,0.7808333333333334,3.1694936752319336
0.4769284,0.7880208333333333,0.48544338,0.7808333333333334,3.1712539196014404
0.4768943,0.7880208333333333,0.48540726,0.7808333333333334,3.1730751991271973
0.47686014,0.7880208333333333,0.4853715,0.7808333333333334,3.174826145172119
0.47682622,0.7880208333333333,0.48533565,0.7808333333333334,3.176591396331787
0.4767922,0.7880208333333333,0.48530003,0.7808333333333334,3.178417205810547
0.47675836,0.7879166666666667,0.48526442,0.7808333333333334,3.1801722049713135
0.4767245,0.7879166666666667,0.4852289,0.7808333333333334,3.181976795196533
0.47669074,0.7879166666666667,0.48519343,0.7808333333333334,3.1837387084960938
0.476657,0.7878125,0.48515794,0.7808333333333334,3.185494899749756
0.4766234,0.7878125,0.4851226,0.7808333333333334,3.1873111724853516
0.47658977,0.7878125,0.48508734,0.7808333333333334,3.189154863357544
0.47655618,0.7878125,0.48505202,0.7808333333333334,3.1909303665161133
0.47652277,0.7878125,0.485017,0.7808333333333334,3.1927425861358643
0.4764893,0.7878125,0.48498183,0.7808333333333334,3.1945536136627197
0.47645596,0.7878125,0.48494685,0.7808333333333334,3.196363925933838
0.47642258,0.7878125,0.4849118,0.7808333333333334,3.1981756687164307
0.47638932,0.7878125,0.48487702,0.7808333333333334,3.1999478340148926
0.47635606,0.7878125,0.48484203,0.7808333333333334,3.201700448989868
0.47632298,0.7879166666666667,0.48480737,0.7808333333333334,3.203453779220581
0.47628984,0.7879166666666667,0.48477265,0.78125,3.205214262008667
0.47625676,0.7879166666666667,0.484738,0.78125,3.207167625427246
0.47622386,0.7879166666666667,0.4847035,0.78125,3.2089364528656006
0.47619095,0.7879166666666667,0.48466888,0.78125,3.210698127746582
0.47615805,0.7879166666666667,0.48463446,0.78125,3.2124698162078857
0.47612512,0.7879166666666667,0.48459986,0.78125,3.214292287826538
0.47609237,0.7879166666666667,0.48456544,0.78125,3.216066837310791
0.47605962,0.7879166666666667,0.48453104,0.78125,3.2178232669830322
0.47602698,0.7879166666666667,0.48449662,0.78125,3.2195980548858643
0.47599432,0.7879166666666667,0.4844623,0.78125,3.2213528156280518
0.47596171,0.7879166666666667,0.484428,0.78125,3.2231767177581787
0.4759292,0.7879166666666667,0.48439363,0.78125,3.22501277923584
0.47589672,0.7879166666666667,0.48435944,0.78125,3.2268199920654297
0.47586426,0.7879166666666667,0.48432526,0.78125,3.228647470474243
0.4758319,0.7879166666666667,0.4842913,0.78125,3.230395555496216
0.47579956,0.7879166666666667,0.48425725,0.78125,3.2321555614471436
0.4757673,0.7879166666666667,0.48422348,0.78125,3.2339611053466797
0.475735,0.7879166666666667,0.48418954,0.78125,3.2357258796691895
0.4757029,0.7879166666666667,0.48415574,0.78125,3.2374823093414307
0.4756708,0.7879166666666667,0.48412195,0.78125,3.239291191101074
0.47563875,0.7879166666666667,0.48408848,0.78125,3.241114377975464
0.47560674,0.7879166666666667,0.484055,0.78125,3.242873191833496
0.4755748,0.7879166666666667,0.4840216,0.78125,3.2446484565734863
0.4755429,0.7879166666666667,0.48398826,0.78125,3.246403694152832
0.47551116,0.7879166666666667,0.48395497,0.78125,3.2482120990753174
0.47547933,0.7879166666666667,0.48392183,0.78125,3.2500178813934326
0.4754476,0.7879166666666667,0.4838886,0.78125,3.2517807483673096
0.47541606,0.7879166666666667,0.48385555,0.78125,3.2536001205444336
0.47538435,0.7879166666666667,0.48382244,0.78125,3.2553584575653076
0.47535282,0.7879166666666667,0.48378932,0.78125,3.2571749687194824
0.47532135,0.7878125,0.48375642,0.78125,3.2589850425720215
0.47528985,0.7878125,0.48372355,0.78125,3.2607507705688477
0.47525847,0.7878125,0.48369074,0.78125,3.26251220703125
0.47522715,0.7878125,0.4836579,0.78125,3.264270544052124
0.4751959,0.7878125,0.48362514,0.78125,3.2660281658172607
0.47516465,0.7879166666666667,0.48359242,0.78125,3.2678451538085938
0.4751335,0.7879166666666667,0.4835598,0.78125,3.2696032524108887
0.4751024,0.7879166666666667,0.48352718,0.78125,3.2714226245880127
0.4750713,0.7879166666666667,0.48349458,0.78125,3.273195743560791
0.4750403,0.7879166666666667,0.48346213,0.78125,3.274953842163086
0.47500932,0.7879166666666667,0.4834296,0.78125,3.2767651081085205
0.47497833,0.7878125,0.48339713,0.78125,3.2785143852233887
0.47494745,0.7878125,0.48336467,0.78125,3.280331611633301
0.47491664,0.7878125,0.48333222,0.78125,3.282088041305542
0.47488582,0.7878125,0.48329985,0.78125,3.283856153488159
0.47485515,0.7878125,0.4832676,0.78125,3.285611152648926
0.47482443,0.7878125,0.48323536,0.78125,3.287365674972534
0.4747938,0.7878125,0.4832031,0.78125,3.289187431335449
0.47476324,0.7878125,0.48317093,0.78125,3.290942430496216
0.47473273,0.7878125,0.48313895,0.78125,3.2926998138427734
0.47470224,0.7878125,0.48310685,0.78125,3.294459342956543
0.47467178,0.7878125,0.48307496,0.78125,3.2962136268615723
0.47464135,0.7878125,0.48304302,0.78125,3.2979743480682373
0.47461104,0.7878125,0.48301113,0.7816666666666666,3.299752712249756
0.47458073,0.7878125,0.4829794,0.7816666666666666,3.3015151023864746
0.47455058,0.7878125,0.48294753,0.7816666666666666,3.303323984146118
0.47452042,0.7878125,0.4829158,0.7816666666666666,3.3051395416259766
0.47449026,0.7878125,0.48288402,0.7816666666666666,3.307100772857666
0.47446015,0.7878125,0.48285243,0.7816666666666666,3.3088669776916504
0.47443008,0.7878125,0.48282075,0.7816666666666666,3.310687780380249
0.47440007,0.7878125,0.482789,0.7816666666666666,3.3124637603759766
0.47437018,0.7878125,0.48275742,0.7816666666666666,3.314279317855835
0.47434017,0.7878125,0.4827259,0.7816666666666666,3.316056966781616
0.47431037,0.7878125,0.4826944,0.7816666666666666,3.3178176879882812
0.47428054,0.7878125,0.48266292,0.7816666666666666,3.319597005844116
0.4742508,0.7878125,0.48263147,0.7816666666666666,3.3213460445404053
0.47422105,0.7878125,0.48260024,0.7816666666666666,3.3231096267700195
0.4741914,0.7878125,0.482569,0.7816666666666666,3.3249385356903076
0.47416183,0.7878125,0.48253778,0.7816666666666666,3.326747179031372
0.47413224,0.7878125,0.48250672,0.7816666666666666,3.32855486869812
0.47410274,0.7879166666666667,0.4824757,0.7816666666666666,3.3303582668304443
0.47407323,0.7879166666666667,0.48244467,0.7816666666666666,3.3321142196655273
0.4740438,0.7879166666666667,0.48241395,0.7816666666666666,3.333918333053589
0.47401455,0.7878125,0.48238322,0.7820833333333334,3.3356714248657227
0.47398514,0.7878125,0.4823525,0.7820833333333334,3.3374810218811035
0.47395593,0.7878125,0.48232183,0.7820833333333334,3.3392333984375
0.4739267,0.7878125,0.4822911,0.7820833333333334,3.3410017490386963
0.47389755,0.7878125,0.4822605,0.7820833333333334,3.342754364013672
0.4738684,0.7878125,0.48222992,0.7820833333333334,3.344517469406128
0.47383937,0.7878125,0.4821994,0.7820833333333334,3.346329689025879
0.47381037,0.7878125,0.48216894,0.7820833333333334,3.348144769668579
0.47378138,0.7878125,0.48213837,0.7820833333333334,3.3499062061309814
0.47375244,0.7878125,0.48210794,0.7820833333333334,3.3516809940338135
0.4737236,0.7878125,0.48207748,0.7820833333333334,3.353426694869995
0.4736947,0.7878125,0.48204708,0.7820833333333334,3.35518479347229
0.47366592,0.7878125,0.48201665,0.7820833333333334,3.3569374084472656
0.47363722,0.7878125,0.48198622,0.7820833333333334,3.3586909770965576
0.4736085,0.7878125,0.48195603,0.7820833333333334,3.360461711883545
0.47357985,0.7878125,0.48192582,0.7820833333333334,3.3622162342071533
0.47355124,0.7878125,0.48189571,0.7816666666666666,3.364047050476074
0.47352275,0.7878125,0.48186564,0.7816666666666666,3.365798234939575
0.47349417,0.7878125,0.48183563,0.7816666666666666,3.367562770843506
0.47346568,0.7878125,0.48180556,0.7816666666666666,3.369384288787842
0.4734373,0.7878125,0.48177555,0.7816666666666666,3.3711774349212646
0.4734089,0.7878125,0.48174566,0.7820833333333334,3.372945785522461
0.4733806,0.7878125,0.48171574,0.7820833333333334,3.3747525215148926
0.47335225,0.7878125,0.4816859,0.7820833333333334,3.3765175342559814
0.4733241,0.7878125,0.48165607,0.7820833333333334,3.3783257007598877
0.47329584,0.7878125,0.48162642,0.7820833333333334,3.3801496028900146
0.47326773,0.7879166666666667,0.48159677,0.7820833333333334,3.381903648376465
0.4732396,0.7879166666666667,0.4815671,0.7820833333333334,3.383711099624634
0.47321156,0.7880208333333333,0.48153752,0.7820833333333334,3.38551926612854
0.4731836,0.7880208333333333,0.48150808,0.7820833333333334,3.3872790336608887
0.47315556,0.7880208333333333,0.48147857,0.7820833333333334,3.389043092727661
0.47312763,0.7880208333333333,0.48144922,0.7820833333333334,3.3907902240753174
0.47309983,0.7880208333333333,0.48141992,0.7820833333333334,3.392552375793457
0.473072,0.7880208333333333,0.48139054,0.7820833333333334,3.394369125366211
0.4730442,0.7880208333333333,0.48136124,0.7820833333333334,3.396130084991455
0.47301647,0.7880208333333333,0.48133188,0.7820833333333334,3.397887706756592
0.47298872,0.7879166666666667,0.4813026,0.7820833333333334,3.3996498584747314
0.47296113,0.7879166666666667,0.4812733,0.7820833333333334,3.4014594554901123
0.47293356,0.7878125,0.481244,0.7820833333333334,3.40321683883667
0.47290602,0.7878125,0.4812148,0.7820833333333334,3.4050323963165283
0.47287843,0.7878125,0.48118562,0.7820833333333334,3.406785249710083
0.47285095,0.7878125,0.48115653,0.7820833333333334,3.408562660217285
0.4728236,0.7878125,0.4811274,0.7820833333333334,3.41032338142395
0.47279623,0.7878125,0.48109844,0.7820833333333334,3.4120733737945557
0.47276887,0.7878125,0.48106933,0.7820833333333334,3.4138805866241455
0.47274154,0.7878125,0.4810405,0.7820833333333334,3.415645122528076
0.47271425,0.7878125,0.48101157,0.7820833333333334,3.4174084663391113
0.47268698,0.7878125,0.48098272,0.7820833333333334,3.4191622734069824
0.47265986,0.7878125,0.48095387,0.7820833333333334,3.4209158420562744
0.4726327,0.7878125,0.48092514,0.7820833333333334,3.4227375984191895
0.47260565,0.7878125,0.4808964,0.7820833333333334,3.4245550632476807
0.4725786,0.7878125,0.48086777,0.7820833333333334,3.426323652267456
0.47255152,0.7878125,0.48083907,0.7820833333333334,3.4281294345855713
0.47252455,0.7878125,0.4808105,0.7820833333333334,3.4299533367156982
0.4724977,0.7879166666666667,0.48078197,0.7820833333333334,3.4317731857299805
0.47247076,0.7879166666666667,0.48075342,0.7820833333333334,3.4335296154022217
0.4724439,0.7879166666666667,0.4807249,0.7820833333333334,3.435340404510498
0.47241715,0.7879166666666667,0.48069647,0.7820833333333334,3.4371631145477295
0.47239044,0.7879166666666667,0.48066807,0.7820833333333334,3.4389190673828125
0.47236368,0.7879166666666667,0.48063976,0.7820833333333334,3.4407455921173096
0.47233698,0.7879166666666667,0.48061135,0.7820833333333334,3.4425547122955322
0.47231033,0.7879166666666667,0.48058325,0.7820833333333334,3.4443721771240234
0.47228372,0.7879166666666667,0.48055512,0.7820833333333334,3.4461240768432617
0.47225723,0.7879166666666667,0.48052698,0.7820833333333334,3.447882890701294
0.47223067,0.7879166666666667,0.4804989,0.7820833333333334,3.4496395587921143
0.47220424,0.7879166666666667,0.48047078,0.7820833333333334,3.4513936042785645
0.47217783,0.7879166666666667,0.4804427,0.7820833333333334,3.4532155990600586
0.47215143,0.7879166666666667,0.48041463,0.7820833333333334,3.4549760818481445
0.47212508,0.7879166666666667,0.4803867,0.7820833333333334,3.4567975997924805
0.47209874,0.7879166666666667,0.48035857,0.7820833333333334,3.4586126804351807
0.4720725,0.7879166666666667,0.48033065,0.7820833333333334,3.460435628890991
0.47204632,0.7879166666666667,0.48030272,0.7820833333333334,3.4621994495391846
0.47202006,0.7879166666666667,0.48027486,0.7820833333333334,3.4639627933502197
0.47199395,0.7879166666666667,0.480247,0.7820833333333334,3.4657182693481445
0.47196773,0.7879166666666667,0.48021916,0.7820833333333334,3.467482328414917
0.47194174,0.7879166666666667,0.48019144,0.7820833333333334,3.4692301750183105
0.4719157,0.7879166666666667,0.48016378,0.7820833333333334,3.4710566997528076
0.47188976,0.7879166666666667,0.48013607,0.7820833333333334,3.472825527191162
0.47186375,0.7879166666666667,0.48010853,0.7820833333333334,3.4746477603912354
0.47183788,0.7879166666666667,0.48008096,0.7820833333333334,3.476412057876587
0.47181204,0.7879166666666667,0.48005345,0.7820833333333334,3.4781906604766846
0.4717862,0.7879166666666667,0.48002583,0.7820833333333334,3.4799461364746094
0.47176036,0.7879166666666667,0.47999832,0.7820833333333334,3.4817538261413574
0.47173455,0.7879166666666667,0.4799708,0.7820833333333334,3.4835681915283203
0.47170883,0.7879166666666667,0.47994325,0.7820833333333334,3.4853200912475586
0.47168314,0.7879166666666667,0.47991598,0.7820833333333334,3.4871294498443604
0.4716575,0.7879166666666667,0.4798885,0.7820833333333334,3.488953113555908
0.47163188,0.7879166666666667,0.47986126,0.7820833333333334,3.4907100200653076
0.47160628,0.7879166666666667,0.47983414,0.7820833333333334,3.4924721717834473
0.47158077,0.7880208333333333,0.479807,0.7820833333333334,3.4942245483398438
0.47155526,0.7880208333333333,0.4797798,0.7820833333333334,3.4960315227508545
0.47152978,0.7880208333333333,0.47975272,0.7820833333333334,3.4977974891662598
0.47150442,0.7880208333333333,0.4797256,0.7816666666666666,3.4995646476745605
0.4714791,0.7880208333333333,0.4796987,0.7816666666666666,3.501323938369751
0.47145367,0.7880208333333333,0.47967163,0.7816666666666666,3.503133773803711
0.47142836,0.7880208333333333,0.47964478,0.7816666666666666,3.5049514770507812
0.4714031,0.7882291666666666,0.4796178,0.7816666666666666,3.506762981414795
0.47137788,0.7882291666666666,0.479591,0.7816666666666666,3.508535146713257
0.47135276,0.788125,0.47956416,0.7816666666666666,3.510349988937378
0.4713275,0.788125,0.47953746,0.7816666666666666,3.5121896266937256
0.47130245,0.788125,0.4795107,0.7816666666666666,3.514002799987793
0.47127736,0.788125,0.479484,0.7816666666666666,3.5158214569091797
0.47125238,0.7882291666666666,0.4794574,0.7816666666666666,3.517578125
0.47122738,0.7882291666666666,0.4794308,0.7816666666666666,3.5193376541137695
0.4712024,0.7882291666666666,0.47940418,0.7816666666666666,3.5210916996002197
0.47117746,0.7882291666666666,0.4793776,0.7816666666666666,3.5228452682495117
0.4711526,0.7882291666666666,0.47935104,0.7816666666666666,3.5246074199676514
0.47112778,0.7882291666666666,0.47932464,0.7816666666666666,3.526362895965576
0.471103,0.7882291666666666,0.4792982,0.7816666666666666,3.528116226196289
0.47107825,0.7882291666666666,0.47927186,0.7816666666666666,3.529928207397461
0.47105348,0.7882291666666666,0.4792454,0.7816666666666666,3.5316927433013916
0.4710288,0.7882291666666666,0.47921905,0.7816666666666666,3.5334956645965576
0.47100407,0.7882291666666666,0.47919264,0.7816666666666666,3.535259246826172
0.4709795,0.7882291666666666,0.4791663,0.7816666666666666,3.5370404720306396
0.4709549,0.7882291666666666,0.47914028,0.7816666666666666,3.5387988090515137
0.47093037,0.7882291666666666,0.47911412,0.7816666666666666,3.5405683517456055
0.4709058,0.7882291666666666,0.4790881,0.7816666666666666,3.5423834323883057
0.47088134,0.7882291666666666,0.47906205,0.7816666666666666,3.5441505908966064
0.470857,0.7882291666666666,0.47903615,0.7816666666666666,3.5459249019622803
0.47083256,0.7882291666666666,0.47901025,0.7816666666666666,3.547708511352539
0.4708082,0.7882291666666666,0.47898442,0.7816666666666666,3.549485683441162
0.47078383,0.7882291666666666,0.4789582,0.7820833333333334,3.551252841949463
0.47075957,0.7882291666666666,0.47893214,0.7820833333333334,3.5530190467834473
0.4707353,0.7882291666666666,0.4789061,0.7820833333333334,3.554766893386841
0.47071105,0.7882291666666666,0.47887975,0.7820833333333334,3.5565264225006104
0.4706868,0.7882291666666666,0.4788535,0.7820833333333334,3.5583419799804688
0.47066262,0.7882291666666666,0.47882736,0.7820833333333334,3.560098886489868
0.47063842,0.7880208333333333,0.47880128,0.7820833333333334,3.5619442462921143
0.4706143,0.7880208333333333,0.47877532,0.7820833333333334,3.563764810562134
0.47059026,0.7880208333333333,0.47874948,0.7820833333333334,3.5655229091644287
0.4705662,0.7880208333333333,0.47872362,0.7820833333333334,3.5673322677612305
0.4705422,0.7880208333333333,0.47869787,0.7820833333333334,3.5691487789154053
0.47051823,0.7880208333333333,0.4786721,0.7820833333333334,3.570955991744995
0.47049433,0.7880208333333333,0.47864634,0.7820833333333334,3.5727739334106445
0.47047043,0.7880208333333333,0.4786207,0.7820833333333334,3.574540853500366
0.47044653,0.7880208333333333,0.47859508,0.7820833333333334,3.576357126235962
0.47042271,0.7880208333333333,0.47856954,0.7820833333333334,3.578162431716919
0.4703989,0.7880208333333333,0.478544,0.7820833333333334,3.579921007156372
0.47037515,0.7880208333333333,0.47851858,0.7820833333333334,3.581726551055908
0.47035146,0.7880208333333333,0.47849324,0.7820833333333334,3.583547592163086
0.47032776,0.7880208333333333,0.47846797,0.7820833333333334,3.5853471755981445
0.4703041,0.7880208333333333,0.47844273,0.7820833333333334,3.5871145725250244
0.47028056,0.7880208333333333,0.47841752,0.7820833333333334,3.5888757705688477
0.470257,0.7879166666666667,0.47839233,0.7820833333333334,3.590625286102295
0.47023347,0.7879166666666667,0.47836736,0.7820833333333334,3.592388868331909
0.47020996,0.7879166666666667,0.47834232,0.7820833333333334,3.5941452980041504
0.4701865,0.7879166666666667,0.47831735,0.7820833333333334,3.595898389816284
0.4701631,0.7879166666666667,0.47829235,0.7820833333333334,3.5977258682250977
0.47013968,0.7879166666666667,0.47826737,0.7820833333333334,3.5995423793792725
0.47011632,0.7879166666666667,0.4782425,0.7820833333333334,3.6013028621673584
0.47009304,0.7879166666666667,0.47821763,0.7820833333333334,3.6030614376068115
0.4700698,0.7879166666666667,0.47819284,0.7820833333333334,3.604835033416748
0.4700465,0.7879166666666667,0.47816798,0.7820833333333334,3.606599807739258
0.47002324,0.7879166666666667,0.47814322,0.7820833333333334,3.6084227561950684
0.4700001,0.7879166666666667,0.47811854,0.7820833333333334,3.610241651535034
0.4699769,0.7879166666666667,0.47809392,0.7820833333333334,3.6120102405548096
0.46995386,0.788125,0.47806945,0.7820833333333334,3.613811731338501
0.46993083,0.788125,0.47804484,0.7820833333333334,3.615586042404175
0.4699078,0.788125,0.4780203,0.7820833333333334,3.6174004077911377
0.46988478,0.788125,0.47799587,0.7820833333333334,3.6192033290863037
0.46986175,0.788125,0.4779715,0.7820833333333334,3.620972156524658
0.46983886,0.788125,0.4779471,0.7820833333333334,3.62272572517395
0.46981597,0.788125,0.47792262,0.7820833333333334,3.624495029449463
0.46979308,0.788125,0.4778982,0.7820833333333334,3.6262454986572266
0.4697703,0.788125,0.4778739,0.7820833333333334,3.628000259399414
0.46974742,0.788125,0.4778495,0.7820833333333334,3.6298139095306396
0.46972468,0.788125,0.47782525,0.7820833333333334,3.631571054458618
0.46970195,0.788125,0.4778011,0.7820833333333334,3.633321762084961
0.46967927,0.788125,0.47777694,0.7820833333333334,3.6350739002227783
0.46965662,0.788125,0.47775283,0.7820833333333334,3.6368937492370605
0.46963394,0.788125,0.47772866,0.7820833333333334,3.6386539936065674
0.46961135,0.788125,0.47770455,0.7820833333333334,3.6404922008514404
0.4695888,0.788125,0.47768047,0.7820833333333334,3.64225172996521
0.46956626,0.788125,0.47765636,0.7820833333333334,3.6440248489379883
0.46954376,0.788125,0.47763234,0.7820833333333334,3.6458282470703125
0.46952134,0.7882291666666666,0.47760832,0.7820833333333334,3.6476104259490967
0.4694989,0.7882291666666666,0.4775844,0.7820833333333334,3.64943790435791
0.46947646,0.7882291666666666,0.47756052,0.7820833333333334,3.6511898040771484
0.46945414,0.7882291666666666,0.47753656,0.7820833333333334,3.6529552936553955
0.46943176,0.7882291666666666,0.47751272,0.7820833333333334,3.6547794342041016
0.4694095,0.788125,0.47748888,0.7820833333333334,3.656599521636963
0.4693872,0.788125,0.47746512,0.7820833333333334,3.6583540439605713
0.46936494,0.788125,0.47744125,0.7820833333333334,3.6601669788360596
0.4693427,0.788125,0.47741735,0.7820833333333334,3.661914825439453
0.46932054,0.788125,0.47739354,0.7820833333333334,3.6636805534362793
0.4692984,0.788125,0.47737005,0.7820833333333334,3.6654927730560303
0.46927628,0.788125,0.47734654,0.7820833333333334,3.6673007011413574
0.4692543,0.788125,0.47732314,0.7820833333333334,3.6691296100616455
0.46923223,0.788125,0.47729987,0.7820833333333334,3.6708810329437256
0.46921027,0.788125,0.4772764,0.7820833333333334,3.6726927757263184
0.46918824,0.788125,0.47725302,0.7820833333333334,3.674513339996338
0.46916637,0.788125,0.47722977,0.7820833333333334,3.676330089569092
0.4691445,0.788125,0.47720638,0.7820833333333334,3.678093194961548
0.46912262,0.788125,0.47718292,0.7820833333333334,3.6799116134643555
0.46910074,0.788125,0.47715968,0.7820833333333334,3.681713581085205
0.469079,0.788125,0.47713637,0.7820833333333334,3.6834843158721924
0.46905717,0.788125,0.47711304,0.7820833333333334,3.685291290283203
0.4690354,0.788125,0.47708964,0.7820833333333334,3.687044143676758
0.46901372,0.788125,0.47706634,0.7820833333333334,3.6888067722320557
0.468992,0.788125,0.47704306,0.7820833333333334,3.690558433532715
0.46897033,0.788125,0.47701985,0.7820833333333334,3.692317008972168
0.46894872,0.788125,0.47699666,0.7820833333333334,3.694129705429077
0.46892712,0.788125,0.47697356,0.7820833333333334,3.6959550380706787
0.4689056,0.788125,0.47695053,0.7820833333333334,3.6977689266204834
0.46888408,0.788125,0.47692743,0.7820833333333334,3.6995298862457275
0.46886256,0.788125,0.47690424,0.7820833333333334,3.7012970447540283
0.46884105,0.788125,0.47688106,0.7820833333333334,3.7030510902404785
0.46881962,0.788125,0.47685796,0.7825,3.7048256397247314
0.46879807,0.788125,0.47683498,0.7825,3.7065961360931396
0.4687767,0.7882291666666666,0.47681203,0.7825,3.7083678245544434
0.4687554,0.7882291666666666,0.47678915,0.7825,3.71012544631958
0.4687341,0.7882291666666666,0.47676626,0.7825,3.7118935585021973
0.46871278,0.7882291666666666,0.47674343,0.7825,3.713716745376587
0.4686915,0.7882291666666666,0.47672057,0.7825,3.715548276901245
0.4686703,0.7882291666666666,0.476698,0.7825,3.7172985076904297
0.46864903,0.7882291666666666,0.47667542,0.7825,3.719102144241333
0.46862793,0.7882291666666666,0.47665283,0.7825,3.7208774089813232
0.46860677,0.7882291666666666,0.4766303,0.7825,3.7226345539093018
0.4685857,0.7882291666666666,0.4766077,0.7825,3.7244551181793213
0.4685646,0.7882291666666666,0.4765853,0.7825,3.726203441619873
0.46854356,0.7882291666666666,0.4765627,0.7825,3.7279717922210693
0.46852255,0.7882291666666666,0.47654027,0.7825,3.7297935485839844
0.4685016,0.7882291666666666,0.47651795,0.7825,3.731625556945801
0.4684806,0.7882291666666666,0.47649562,0.7825,3.7334368228912354
0.46845967,0.7882291666666666,0.47647333,0.7825,3.73525071144104
0.46843877,0.788125,0.47645095,0.7825,3.7370054721832275
0.46841785,0.7882291666666666,0.47642872,0.7825,3.738760232925415
0.46839705,0.7882291666666666,0.47640646,0.7825,3.7405290603637695
0.46837622,0.7882291666666666,0.47638428,0.7825,3.7423391342163086
0.4683555,0.7882291666666666,0.47636214,0.7825,3.744096040725708
0.4683348,0.7882291666666666,0.47634003,0.7825,3.745850086212158
0.4683141,0.7882291666666666,0.47631794,0.7825,3.7476139068603516
0.4682934,0.7883333333333333,0.4762959,0.7825,3.7493784427642822
0.46827275,0.7883333333333333,0.4762738,0.7825,3.7511956691741943
0.46825215,0.7883333333333333,0.47625184,0.7825,3.752955436706543
0.46823162,0.7883333333333333,0.4762299,0.7825,3.7547218799591064
0.46821097,0.7883333333333333,0.47620788,0.7825,3.7564749717712402
0.46819052,0.7883333333333333,0.47618592,0.7825,3.758300542831421
0.46816996,0.7883333333333333,0.47616395,0.7825,3.760054588317871
0.4681495,0.7884375,0.47614217,0.7825,3.7618696689605713
0.46812913,0.7884375,0.4761203,0.7825,3.7636332511901855
0.4681087,0.7884375,0.47609848,0.7825,3.7654473781585693
0.46808833,0.7884375,0.47607672,0.7825,3.76721453666687
0.46806797,0.7884375,0.4760551,0.7825,3.7689783573150635
0.46804768,0.7884375,0.47603348,0.7825,3.77072811126709
0.4680275,0.7884375,0.4760118,0.7825,3.772493839263916
0.4680072,0.7884375,0.4759903,0.7825,3.7742514610290527
0.46798706,0.7884375,0.47596872,0.7825,3.7760796546936035
0.46796685,0.7883333333333333,0.4759471,0.7825,3.777848958969116
0.46794674,0.7883333333333333,0.47592553,0.7829166666666667,3.7796759605407715
0.4679266,0.7883333333333333,0.475904,0.7829166666666667,3.7814295291900635
0.4679065,0.7883333333333333,0.47588247,0.7829166666666667,3.783236026763916
0.46788642,0.7883333333333333,0.4758609,0.7829166666666667,3.7849984169006348
0.46786645,0.7883333333333333,0.47583935,0.7833333333333333,3.7868096828460693
0.46784636,0.7883333333333333,0.47581783,0.7833333333333333,3.7885732650756836
0.46782643,0.7883333333333333,0.4757964,0.7833333333333333,3.7903342247009277
0.46780646,0.7883333333333333,0.47577488,0.78375,3.7920844554901123
0.46778655,0.7883333333333333,0.47575337,0.78375,3.793839454650879
0.46776667,0.7883333333333333,0.47573212,0.78375,3.7956008911132812
0.4677468,0.7883333333333333,0.47571075,0.78375,3.7973525524139404
0.46772695,0.7883333333333333,0.4756895,0.78375,3.7991621494293213
0.46770722,0.7883333333333333,0.47566822,0.78375,3.8009183406829834
0.46768743,0.7883333333333333,0.47564676,0.78375,3.8027243614196777
0.46766764,0.7883333333333333,0.4756254,0.78375,3.804490327835083
0.46764797,0.7883333333333333,0.475604,0.78375,3.8062422275543213
0.46762827,0.7883333333333333,0.47558257,0.78375,3.8080060482025146
0.4676086,0.7883333333333333,0.47556138,0.78375,3.809813976287842
0.46758896,0.7883333333333333,0.4755401,0.78375,3.8115763664245605
0.46756932,0.7883333333333333,0.475519,0.78375,3.8133389949798584
0.4675498,0.7883333333333333,0.47549778,0.78375,3.815258741378784
0.46753025,0.7883333333333333,0.47547668,0.78375,3.81701397895813
0.4675108,0.7883333333333333,0.47545573,0.78375,3.818774700164795
0.46749124,0.7883333333333333,0.47543472,0.78375,3.820540428161621
0.46747178,0.7883333333333333,0.47541377,0.78375,3.8222954273223877
0.46745235,0.7883333333333333,0.47539276,0.78375,3.8240582942962646
0.46743298,0.7883333333333333,0.47537187,0.78375,3.825810432434082
0.46741354,0.7883333333333333,0.47535115,0.78375,3.8276350498199463
0.4673942,0.7883333333333333,0.47533035,0.78375,3.829392433166504
0.4673749,0.7883333333333333,0.47530964,0.78375,3.831150531768799
0.46735555,0.7884375,0.4752889,0.78375,3.8329198360443115
0.46733633,0.7885416666666667,0.4752682,0.78375,3.834681749343872
0.46731704,0.7885416666666667,0.47524744,0.78375,3.8364903926849365
0.46729782,0.7885416666666667,0.4752269,0.78375,3.8382508754730225
0.4672786,0.7885416666666667,0.47520635,0.78375,3.8400111198425293
0.46725947,0.7885416666666667,0.4751859,0.78375,3.8418476581573486
0.46724033,0.7885416666666667,0.4751653,0.78375,3.84366774559021
0.46722123,0.7885416666666667,0.47514474,0.78375,3.845425844192505
0.4672021,0.7885416666666667,0.47512415,0.78375,3.847196578979492
0.46718308,0.7885416666666667,0.47510356,0.78375,3.8489489555358887
0.467164,0.7885416666666667,0.47508305,0.78375,3.8507649898529053
0.46714497,0.7885416666666667,0.47506246,0.78375,3.8525872230529785
0.467126,0.7885416666666667,0.47504202,0.78375,3.854334831237793
0.46710703,0.7885416666666667,0.47502157,0.78375,3.8561503887176514
0.46708807,0.7886458333333334,0.47500134,0.78375,3.8579564094543457
0.46706918,0.7886458333333334,0.47498113,0.78375,3.859720468521118
0.4670503,0.7886458333333334,0.4749609,0.78375,3.861473560333252
0.46703145,0.7886458333333334,0.47494075,0.78375,3.863274097442627
0.46701264,0.7886458333333334,0.47492072,0.78375,3.8650383949279785
0.4669938,0.7886458333333334,0.47490057,0.78375,3.8668460845947266
0.46697515,0.7886458333333334,0.4748805,0.78375,3.8686702251434326
0.46695632,0.7886458333333334,0.4748605,0.78375,3.870434045791626
0.4669376,0.7886458333333334,0.47484034,0.78375,3.8721988201141357
0.466919,0.7886458333333334,0.4748201,0.78375,3.874009370803833
0.4669003,0.7885416666666667,0.4748001,0.78375,3.875772714614868
0.46688166,0.7885416666666667,0.47478002,0.78375,3.87752366065979
0.46686304,0.7885416666666667,0.47475982,0.78375,3.8792688846588135
0.46684447,0.7885416666666667,0.47473985,0.78375,3.8810291290283203
0.46682593,0.7885416666666667,0.4747197,0.78375,3.8827884197235107
0.4668073,0.7885416666666667,0.4746997,0.78375,3.884551763534546
0.4667888,0.7885416666666667,0.4746797,0.7841666666666667,3.8863000869750977
0.46677032,0.7885416666666667,0.47465974,0.7841666666666667,3.8881452083587646
0.46675175,0.7885416666666667,0.47463968,0.7841666666666667,3.8899054527282715
0.4667334,0.7885416666666667,0.4746198,0.7841666666666667,3.8916780948638916
0.46671495,0.7885416666666667,0.47459987,0.7841666666666667,3.8934381008148193
0.46669653,0.7885416666666667,0.47458008,0.7841666666666667,3.8951914310455322
0.4666782,0.7885416666666667,0.4745603,0.7841666666666667,3.897016763687134
0.46665984,0.7885416666666667,0.4745405,0.7841666666666667,3.8987834453582764
0.4666415,0.7885416666666667,0.4745207,0.7841666666666667,3.900545597076416
0.46662322,0.7885416666666667,0.47450098,0.7841666666666667,3.9022953510284424
0.466605,0.7885416666666667,0.4744813,0.7841666666666667,3.9040603637695312
0.4665867,0.7885416666666667,0.47446162,0.7841666666666667,3.905880928039551
0.46656856,0.7885416666666667,0.47444203,0.7841666666666667,3.9076476097106934
0.46655035,0.7885416666666667,0.4744224,0.7841666666666667,3.909407615661621
0.4665322,0.7884375,0.47440282,0.7841666666666667,3.911172866821289
0.46651402,0.7884375,0.4743831,0.7841666666666667,3.9129390716552734
0.46649587,0.7884375,0.47436345,0.7841666666666667,3.914755344390869
0.4664778,0.7883333333333333,0.47434387,0.7841666666666667,3.9165256023406982
0.46645972,0.7883333333333333,0.47432435,0.7841666666666667,3.9182822704315186
0.4664417,0.7883333333333333,0.47430485,0.7841666666666667,3.9200522899627686
0.46642363,0.7883333333333333,0.47428533,0.7841666666666667,3.921867847442627
0.46640563,0.7883333333333333,0.47426578,0.7841666666666667,3.9236817359924316
0.4663877,0.7883333333333333,0.47424626,0.7841666666666667,3.9254305362701416
0.4663697,0.7883333333333333,0.47422674,0.7841666666666667,3.92718243598938
0.46635172,0.7883333333333333,0.4742073,0.7841666666666667,3.928955554962158
0.46633387,0.7883333333333333,0.47418797,0.7841666666666667,3.9307680130004883
0.46631595,0.7884375,0.4741686,0.7841666666666667,3.932605266571045
0.4662981,0.7884375,0.47414944,0.7841666666666667,3.934417724609375
0.46628025,0.7884375,0.47413018,0.7841666666666667,3.9361867904663086
0.46626252,0.7884375,0.47411117,0.7841666666666667,3.9379465579986572
0.46624467,0.7884375,0.47409195,0.7841666666666667,3.9397664070129395
0.46622697,0.7884375,0.4740728,0.7841666666666667,3.941518545150757
0.4662092,0.7884375,0.47405374,0.7841666666666667,3.9432716369628906
0.4661915,0.7884375,0.47403467,0.7841666666666667,3.9450862407684326
0.4661738,0.7884375,0.4740156,0.7841666666666667,3.946906805038452
0.46615615,0.7884375,0.47399658,0.7841666666666667,3.948666572570801
0.46613857,0.7884375,0.47397757,0.7841666666666667,3.9504237174987793
0.4661209,0.7884375,0.4739587,0.7841666666666667,3.952172040939331
0.46610337,0.7884375,0.4739398,0.7841666666666667,3.953989028930664
0.46608582,0.7884375,0.47392094,0.7841666666666667,3.955749988555908
0.46606833,0.7884375,0.47390208,0.7841666666666667,3.957517147064209
0.46605077,0.7884375,0.4738833,0.7841666666666667,3.959336757659912
0.46603334,0.7884375,0.4738645,0.7841666666666667,3.9611008167266846
0.46601582,0.7884375,0.47384572,0.7841666666666667,3.9628548622131348
0.46599838,0.7884375,0.47382694,0.7841666666666667,3.9646084308624268
0.46598098,0.7884375,0.47380823,0.7841666666666667,3.9664318561553955
0.46596363,0.7884375,0.47378942,0.7841666666666667,3.9681966304779053
0.46594626,0.7884375,0.4737708,0.7841666666666667,3.969999313354492
0.4659289,0.7884375,0.473752,0.7841666666666667,3.9718117713928223
0.4659116,0.7884375,0.4737333,0.7841666666666667,3.9735684394836426
0.46589425,0.7884375,0.47371456,0.7841666666666667,3.9753150939941406
0.46587697,0.7884375,0.47369593,0.7841666666666667,3.977130651473999
0.46585977,0.7884375,0.47367737,0.7841666666666667,3.9788875579833984
0.46584255,0.7884375,0.4736588,0.7841666666666667,3.980661630630493
0.4658253,0.7884375,0.47364008,0.7841666666666667,3.982424259185791
0.46580815,0.7884375,0.47362164,0.7841666666666667,3.984248638153076
0.46579096,0.7884375,0.4736031,0.7841666666666667,3.9860646724700928
0.46577376,0.7884375,0.4735846,0.7841666666666667,3.9878690242767334
0.46575674,0.7884375,0.47356614,0.7841666666666667,3.989626169204712
0.4657396,0.7884375,0.47354767,0.7841666666666667,3.9913876056671143
0.46572256,0.7885416666666667,0.47352925,0.7841666666666667,3.993147850036621
0.4657055,0.7885416666666667,0.4735109,0.7841666666666667,3.9949140548706055
0.46568847,0.7885416666666667,0.47349244,0.7841666666666667,3.996664524078369
0.46567148,0.7885416666666667,0.47347403,0.7841666666666667,3.9984710216522217
0.4656545,0.7885416666666667,0.47345567,0.7841666666666667,4.000234842300415
0.4656375,0.7885416666666667,0.4734373,0.7841666666666667,4.001985788345337
0.46562067,0.7885416666666667,0.47341892,0.7841666666666667,4.003817558288574
0.46560368,0.7885416666666667,0.47340056,0.7841666666666667,4.005637884140015
0.46558684,0.7885416666666667,0.47338217,0.7841666666666667,4.007457494735718
0.46556997,0.7885416666666667,0.47336385,0.7841666666666667,4.009223222732544
0.46555313,0.7885416666666667,0.47334564,0.7841666666666667,4.010976552963257
0.4655363,0.7885416666666667,0.47332734,0.7841666666666667,4.012732028961182
0.46551946,0.7885416666666667,0.47330916,0.7841666666666667,4.014541864395142
0.46550274,0.7885416666666667,0.47329095,0.7841666666666667,4.016310214996338
0.46548593,0.7885416666666667,0.4732728,0.7841666666666667,4.018127679824829
0.4654692,0.7886458333333334,0.47325465,0.7841666666666667,4.01988959312439
0.46545252,0.7886458333333334,0.4732365,0.7841666666666667,4.02163553237915
0.4654359,0.7886458333333334,0.47321853,0.7841666666666667,4.023463726043701
0.4654192,0.7886458333333334,0.47320047,0.7841666666666667,4.025232553482056
0.4654025,0.7886458333333334,0.4731824,0.7841666666666667,4.027001142501831
0.46538594,0.7886458333333334,0.47316447,0.7841666666666667,4.028771638870239
0.4653693,0.7886458333333334,0.47314647,0.7841666666666667,4.0305235385894775
0.46535283,0.7886458333333334,0.4731285,0.7841666666666667,4.032292366027832
0.46533626,0.7885416666666667,0.4731107,0.7841666666666667,4.034047842025757
0.46531963,0.7884375,0.4730928,0.7841666666666667,4.035811185836792
0.46530318,0.7884375,0.47307494,0.7841666666666667,4.037572383880615
0.4652867,0.7884375,0.4730571,0.7841666666666667,4.039386749267578
0.46527022,0.7884375,0.47303924,0.7841666666666667,4.041153907775879
0.46525374,0.7884375,0.47302154,0.7841666666666667,4.042979001998901
0.46523732,0.7884375,0.47300375,0.7841666666666667,4.044744491577148
0.465221,0.7884375,0.47298604,0.7841666666666667,4.046504974365234
0.46520457,0.7885416666666667,0.47296834,0.7841666666666667,4.048324346542358
0.46518824,0.7886458333333334,0.47295064,0.7841666666666667,4.050084114074707
0.4651719,0.7886458333333334,0.472933,0.7841666666666667,4.0518479347229
0.4651556,0.7886458333333334,0.47291523,0.7841666666666667,4.053635120391846
0.46513927,0.7886458333333334,0.47289774,0.7841666666666667,4.0554563999176025
0.46512303,0.7886458333333334,0.47288024,0.7841666666666667,4.057209491729736
0.46510682,0.7886458333333334,0.4728628,0.7841666666666667,4.058957099914551
0.46509057,0.7886458333333334,0.47284546,0.7841666666666667,4.060808897018433
0.46507442,0.7886458333333334,0.4728279,0.7841666666666667,4.062566041946411
0.46505815,0.7885416666666667,0.47281048,0.7841666666666667,4.064332485198975
0.46504202,0.7885416666666667,0.47279322,0.7841666666666667,4.06614351272583
0.4650259,0.7885416666666667,0.4727758,0.7841666666666667,4.067897081375122
0.46500978,0.7886458333333334,0.47275844,0.7841666666666667,4.0697126388549805
0.4649937,0.7886458333333334,0.4727411,0.7841666666666667,4.071471214294434
0.46497756,0.7886458333333334,0.47272378,0.7841666666666667,4.073221445083618
0.46496156,0.7886458333333334,0.4727064,0.7841666666666667,4.075037717819214
0.46494552,0.7886458333333334,0.47268912,0.7841666666666667,4.0768492221832275
0.4649295,0.7886458333333334,0.47267193,0.7841666666666667,4.078657865524292
0.46491358,0.7886458333333334,0.4726546,0.7841666666666667,4.080479383468628
0.46489757,0.7886458333333334,0.4726374,0.7841666666666667,4.082292556762695
0.46488163,0.7886458333333334,0.47262013,0.7841666666666667,4.0840559005737305
0.4648657,0.7886458333333334,0.47260293,0.7841666666666667,4.08581805229187
0.4648498,0.7886458333333334,0.4725857,0.7841666666666667,4.087582588195801
0.46483397,0.7886458333333334,0.4725686,0.7841666666666667,4.089332342147827
0.46481806,0.7886458333333334,0.47255152,0.7841666666666667,4.0910866260528564
0.46480224,0.7886458333333334,0.4725344,0.7841666666666667,4.092860698699951
0.46478644,0.7886458333333334,0.47251728,0.7841666666666667,4.094618558883667
0.46477067,0.7886458333333334,0.4725002,0.7841666666666667,4.096379280090332
0.46475485,0.7886458333333334,0.47248313,0.7841666666666667,4.098141670227051
0.4647391,0.7886458333333334,0.4724661,0.7841666666666667,4.099965572357178
0.46472335,0.7886458333333334,0.47244912,0.7841666666666667,4.1017906665802
0.46470758,0.7886458333333334,0.4724321,0.7841666666666667,4.103619813919067
0.46469194,0.7886458333333334,0.47241515,0.7841666666666667,4.105434894561768
0.46467626,0.7886458333333334,0.47239813,0.7841666666666667,4.107254266738892
0.46466064,0.7886458333333334,0.47238117,0.7841666666666667,4.1090710163116455
0.46464503,0.7885416666666667,0.4723642,0.7841666666666667,4.110829830169678
0.46462932,0.7885416666666667,0.47234732,0.7841666666666667,4.112581729888916
0.46461374,0.7886458333333334,0.47233033,0.7841666666666667,4.11433744430542
0.46459818,0.7886458333333334,0.47231337,0.7841666666666667,4.116093397140503
0.46458262,0.7886458333333334,0.4722965,0.7841666666666667,4.11786150932312
0.46456707,0.7886458333333334,0.47227973,0.7841666666666667,4.119685649871826
0.46455148,0.7886458333333334,0.47226283,0.7841666666666667,4.121448278427124
0.46453604,0.7886458333333334,0.472246,0.7841666666666667,4.12324857711792
0.46452045,0.7886458333333334,0.4722292,0.7841666666666667,4.125056028366089
0.46450505,0.7886458333333334,0.47221246,0.7841666666666667,4.126862287521362
0.46448964,0.7886458333333334,0.47219568,0.7841666666666667,4.128624200820923
0.46447423,0.7886458333333334,0.472179,0.7841666666666667,4.130372762680054
0.46445882,0.7886458333333334,0.47216234,0.7841666666666667,4.132135391235352
0.46444342,0.7886458333333334,0.47214565,0.7841666666666667,4.133948087692261
0.4644281,0.7886458333333334,0.47212902,0.7841666666666667,4.135765552520752
0.4644127,0.7886458333333334,0.47211227,0.7841666666666667,4.137525320053101
0.46439737,0.7886458333333334,0.4720957,0.7841666666666667,4.1392810344696045
0.46438202,0.7886458333333334,0.47207895,0.7841666666666667,4.141045808792114
0.46436676,0.7886458333333334,0.47206217,0.7841666666666667,4.142854928970337
0.4643515,0.7886458333333334,0.47204554,0.7841666666666667,4.144622802734375
0.4643362,0.78875,0.47202885,0.7841666666666667,4.146387100219727
0.464321,0.78875,0.47201228,0.7841666666666667,4.148215293884277
0.4643058,0.78875,0.4719957,0.7841666666666667,4.150028467178345
0.46429056,0.7886458333333334,0.47197905,0.7841666666666667,4.1518402099609375
0.46427536,0.7886458333333334,0.4719627,0.7841666666666667,4.1535913944244385
0.46426016,0.7886458333333334,0.4719462,0.7841666666666667,4.155355453491211
0.46424505,0.7886458333333334,0.47192982,0.7841666666666667,4.157171726226807
0.46423,0.7886458333333334,0.47191346,0.7841666666666667,4.158919811248779
0.4642149,0.7886458333333334,0.47189718,0.7841666666666667,4.1606831550598145
0.46419984,0.7886458333333334,0.4718809,0.7841666666666667,4.162495136260986
0.46418473,0.7886458333333334,0.4718646,0.7841666666666667,4.164255380630493
0.46416977,0.78875,0.47184825,0.7841666666666667,4.166006326675415
0.46415475,0.78875,0.47183192,0.7841666666666667,4.167764186859131
0.4641397,0.78875,0.4718156,0.7841666666666667,4.16951584815979
0.46412477,0.78875,0.47179922,0.7841666666666667,4.171320915222168
0.4641098,0.78875,0.4717829,0.7841666666666667,4.1730711460113525
0.46409485,0.78875,0.47176662,0.7841666666666667,4.174826145172119
0.4640799,0.78875,0.4717503,0.7841666666666667,4.1766417026519775
0.464065,0.78875,0.47173405,0.7841666666666667,4.178442001342773
0.46405008,0.78875,0.4717179,0.7841666666666667,4.180249452590942
0.46403524,0.78875,0.47170177,0.7841666666666667,4.182006597518921
0.46402043,0.78875,0.47168568,0.7841666666666667,4.183786153793335
0.4640056,0.78875,0.4716696,0.7841666666666667,4.185547590255737
0.46399072,0.78875,0.47165355,0.7841666666666667,4.187356948852539
0.46397594,0.78875,0.47163746,0.7841666666666667,4.18917989730835
0.46396118,0.7888541666666666,0.47162145,0.7841666666666667,4.190937042236328
0.46394643,0.78875,0.4716054,0.7841666666666667,4.192698955535889
0.46393162,0.78875,0.47158936,0.7841666666666667,4.194453954696655
0.463917,0.78875,0.47157338,0.7841666666666667,4.1962127685546875
0.4639023,0.78875,0.47155747,0.7841666666666667,4.198024034500122
0.46388763,0.78875,0.4715415,0.7841666666666667,4.199836492538452
0.46387294,0.78875,0.47152546,0.7841666666666667,4.201645374298096
0.46385828,0.78875,0.47150955,0.7841666666666667,4.203456163406372
0.4638437,0.78875,0.47149372,0.7841666666666667,4.205203056335449
0.46382913,0.78875,0.4714778,0.7841666666666667,4.20695686340332
0.4638145,0.7888541666666666,0.47146183,0.7841666666666667,4.208772897720337
0.46379995,0.7888541666666666,0.47144607,0.7841666666666667,4.210524320602417
0.46378544,0.78875,0.47143015,0.7841666666666667,4.212313413619995
0.4637709,0.78875,0.4714143,0.7841666666666667,4.214126348495483
0.46375635,0.7886458333333334,0.4713984,0.7841666666666667,4.2158777713775635
0.46374187,0.7886458333333334,0.4713825,0.7841666666666667,4.217632532119751
0.46372736,0.7886458333333334,0.4713668,0.7841666666666667,4.219456195831299
0.46371293,0.7886458333333334,0.47135097,0.7841666666666667,4.221273183822632
0.46369854,0.7886458333333334,0.47133508,0.7841666666666667,4.223024606704712
0.46368402,0.7886458333333334,0.4713193,0.7841666666666667,4.224846124649048
0.46366963,0.7886458333333334,0.4713035,0.7841666666666667,4.226667881011963
0.46365523,0.7886458333333334,0.4712877,0.7841666666666667,4.228433847427368
0.4636409,0.7886458333333334,0.4712718,0.7841666666666667,4.230192184448242
0.4636265,0.7886458333333334,0.47125617,0.7841666666666667,4.2319700717926025
0.46361217,0.7886458333333334,0.4712404,0.7841666666666667,4.233722448348999
0.46359786,0.7886458333333334,0.4712246,0.7841666666666667,4.235492706298828
0.4635836,0.7886458333333334,0.47120884,0.7841666666666667,4.23729395866394
0.46356928,0.7886458333333334,0.47119313,0.7841666666666667,4.2390947341918945
0.46355498,0.7886458333333334,0.47117758,0.7841666666666667,4.240857362747192
0.46354064,0.78875,0.4711619,0.7841666666666667,4.242603540420532
0.46352646,0.78875,0.47114623,0.7841666666666667,4.2443625926971436
0.46351215,0.78875,0.47113064,0.7841666666666667,4.246116876602173
0.46349803,0.78875,0.47111505,0.7841666666666667,4.247962236404419
0.46348384,0.78875,0.47109964,0.7841666666666667,4.249724864959717
0.46346965,0.78875,0.47108415,0.7841666666666667,4.251542329788208
0.4634555,0.78875,0.47106868,0.7841666666666667,4.253298282623291
0.46344137,0.78875,0.47105327,0.7841666666666667,4.255111217498779
0.46342734,0.78875,0.4710379,0.7841666666666667,4.2568745613098145
0.46341318,0.78875,0.4710225,0.7841666666666667,4.258698463439941
0.46339914,0.78875,0.47100717,0.7841666666666667,4.260525941848755
0.4633851,0.78875,0.47099182,0.7841666666666667,4.262271881103516
0.46337107,0.78875,0.47097647,0.7841666666666667,4.264029026031494
0.46335703,0.78875,0.4709612,0.7841666666666667,4.26582670211792
0.463343,0.78875,0.47094598,0.7841666666666667,4.267582178115845
0.46332905,0.78875,0.47093064,0.7841666666666667,4.269392967224121
0.46331513,0.78875,0.47091532,0.7841666666666667,4.27121114730835
0.4633011,0.78875,0.47090006,0.7841666666666667,4.27297830581665
0.46328714,0.78875,0.47088477,0.7841666666666667,4.274732351303101
0.46327323,0.78875,0.47086966,0.7841666666666667,4.276557445526123
0.46325937,0.78875,0.47085443,0.7841666666666667,4.278367042541504
0.46324545,0.78875,0.4708393,0.7841666666666667,4.280127286911011
0.46323165,0.78875,0.47082412,0.7841666666666667,4.281930923461914
0.46321782,0.78875,0.470809,0.7841666666666667,4.283694744110107
0.46320388,0.78875,0.47079402,0.7841666666666667,4.2854578495025635
0.46319017,0.78875,0.47077885,0.7841666666666667,4.28721809387207
0.46317637,0.78875,0.4707638,0.7841666666666667,4.288988351821899
0.4631626,0.78875,0.47074875,0.7841666666666667,4.290738582611084
0.4631488,0.7888541666666666,0.4707337,0.7841666666666667,4.292555809020996
0.46313512,0.7888541666666666,0.4707188,0.7841666666666667,4.294306755065918
0.46312132,0.78875,0.47070384,0.7841666666666667,4.29611873626709
0.46310762,0.78875,0.47068894,0.7841666666666667,4.2979278564453125
0.46309397,0.78875,0.47067398,0.7841666666666667,4.299741506576538
0.4630803,0.78875,0.47065914,0.7841666666666667,4.301543235778809
0.4630666,0.78875,0.47064424,0.7841666666666667,4.30330228805542
0.46305302,0.78875,0.47062942,0.7841666666666667,4.305055856704712
0.46303946,0.78875,0.47061452,0.7841666666666667,4.306806802749634
0.4630258,0.78875,0.47059977,0.7841666666666667,4.30861759185791
0.46301225,0.78875,0.47058502,0.7841666666666667,4.310432434082031
0.46299866,0.78875,0.47057027,0.7841666666666667,4.312241554260254
0.46298513,0.78875,0.4705555,0.7841666666666667,4.313996076583862
0.4629716,0.78875,0.47054082,0.7841666666666667,4.315812349319458
0.46295816,0.7888541666666666,0.47052607,0.7841666666666667,4.317569732666016
0.46294463,0.7888541666666666,0.47051144,0.7841666666666667,4.319375514984131
0.46293116,0.7888541666666666,0.47049683,0.7841666666666667,4.3211283683776855
0.46291775,0.7888541666666666,0.47048223,0.7841666666666667,4.322871685028076
0.4629043,0.7888541666666666,0.47046775,0.7841666666666667,4.324627637863159
0.46289092,0.7888541666666666,0.47045317,0.7841666666666667,4.32644510269165
0.4628775,0.7888541666666666,0.47043863,0.7841666666666667,4.328258275985718
0.46286413,0.7888541666666666,0.47042406,0.7841666666666667,4.3300089836120605
0.4628508,0.7888541666666666,0.47040966,0.7841666666666667,4.331770896911621
0.46283743,0.7888541666666666,0.4703951,0.7841666666666667,4.333525657653809
0.46282414,0.7888541666666666,0.47038054,0.7841666666666667,4.33527398109436
0.46281078,0.7888541666666666,0.47036597,0.7841666666666667,4.337084531784058
0.46279755,0.7888541666666666,0.4703514,0.7841666666666667,4.338827848434448
0.46278417,0.7888541666666666,0.47033685,0.7841666666666667,4.340650320053101
0.46277094,0.7888541666666666,0.47032243,0.7841666666666667,4.342418193817139
0.46275768,0.7888541666666666,0.47030804,0.7841666666666667,4.34423041343689
0.46274444,0.7888541666666666,0.47029364,0.7841666666666667,4.345976829528809
0.4627312,0.7888541666666666,0.47027913,0.7841666666666667,4.3477959632873535
0.46271804,0.7888541666666666,0.47026458,0.7845833333333333,4.349554777145386
0.46270487,0.7888541666666666,0.47025013,0.7845833333333333,4.351353645324707
0.46269175,0.7888541666666666,0.47023574,0.7845833333333333,4.3531599044799805
0.46267852,0.7888541666666666,0.4702213,0.7845833333333333,4.35496187210083
0.46266547,0.7888541666666666,0.47020692,0.7845833333333333,4.356778144836426
0.46265233,0.7888541666666666,0.47019255,0.7845833333333333,4.3585803508758545
0.46263927,0.7888541666666666,0.47017816,0.7845833333333333,4.360403776168823
0.46262613,0.7888541666666666,0.47016382,0.7845833333333333,4.362206935882568
0.46261308,0.7888541666666666,0.4701495,0.7845833333333333,4.36397647857666
0.4626,0.7888541666666666,0.47013515,0.7845833333333333,4.365738391876221
0.46258697,0.78875,0.47012085,0.7845833333333333,4.367568016052246
0.46257392,0.78875,0.4701065,0.7845833333333333,4.369325876235962
0.46256092,0.78875,0.47009227,0.7845833333333333,4.371142625808716
0.46254796,0.78875,0.47007793,0.7845833333333333,4.3729023933410645
0.462535,0.78875,0.4700637,0.7841666666666667,4.374658584594727
0.46252203,0.78875,0.4700495,0.78375,4.376464128494263
0.46250907,0.78875,0.4700352,0.78375,4.378271818161011
0.46249613,0.78875,0.4700208,0.78375,4.380025625228882
0.46248317,0.78875,0.47000647,0.78375,4.381824016571045
0.4624703,0.78875,0.46999207,0.78375,4.3836445808410645
0.46245733,0.78875,0.46997783,0.78375,4.385394334793091
0.46244445,0.7886458333333334,0.46996367,0.78375,4.3871519565582275
0.46243164,0.7886458333333334,0.46994948,0.78375,4.388923645019531
0.46241882,0.7886458333333334,0.46993536,0.78375,4.390737056732178
0.462406,0.7885416666666667,0.4699212,0.78375,4.392556428909302
0.46239313,0.7885416666666667,0.46990708,0.78375,4.394354820251465
0.46238032,0.7885416666666667,0.46989304,0.78375,4.396120071411133
0.46236756,0.7885416666666667,0.46987888,0.78375,4.397872686386108
0.46235478,0.7885416666666667,0.46986485,0.78375,4.39969539642334
0.46234208,0.7885416666666667,0.4698508,0.78375,4.401504278182983
0.4623293,0.7886458333333334,0.46983674,0.78375,4.403264284133911
0.4623166,0.7886458333333334,0.4698227,0.78375,4.405069589614868
0.46230388,0.7886458333333334,0.46980882,0.78375,4.406822204589844
0.46229115,0.7886458333333334,0.46979478,0.78375,4.408581018447876
0.4622785,0.7886458333333334,0.46978083,0.78375,4.410392761230469
0.46226582,0.7886458333333334,0.46976689,0.78375,4.412168025970459
0.4622532,0.7886458333333334,0.4697529,0.78375,4.413916349411011
0.46224055,0.78875,0.46973914,0.78375,4.41567063331604
0.46222794,0.78875,0.4697254,0.78375,4.41747784614563
0.46221536,0.78875,0.46971166,0.78375,4.419281959533691
0.46220282,0.78875,0.46969786,0.78375,4.421038389205933
0.46219024,0.78875,0.4696843,0.78375,4.422937870025635
0.46217772,0.7886458333333334,0.46967062,0.78375,4.424695253372192
0.46216524,0.7886458333333334,0.46965703,0.78375,4.426447868347168
0.46215275,0.7886458333333334,0.46964344,0.78375,4.428208827972412
0.46214026,0.7886458333333334,0.46962982,0.78375,4.429955244064331
0.46212775,0.7886458333333334,0.46961635,0.78375,4.431726694107056
0.46211532,0.7886458333333334,0.46960285,0.78375,4.433485984802246
0.4621028,0.7886458333333334,0.4695895,0.78375,4.435314893722534
0.46209046,0.7886458333333334,0.46957606,0.78375,4.4371466636657715
0.46207795,0.7886458333333334,0.4695626,0.78375,4.438957929611206
0.46206558,0.7886458333333334,0.469549,0.78375,4.440719842910767
0.46205318,0.7886458333333334,0.46953562,0.78375,4.442530632019043
0.46204087,0.7886458333333334,0.4695222,0.78375,4.444352149963379
0.4620285,0.7886458333333334,0.4695087,0.78375,4.446158170700073
0.4620162,0.7886458333333334,0.46949518,0.78375,4.447921514511108
0.46200383,0.7886458333333334,0.46948183,0.78375,4.449676752090454
0.4619915,0.7886458333333334,0.46946847,0.78375,4.451440334320068
0.4619792,0.7886458333333334,0.4694552,0.78375,4.453197240829468
0.4619669,0.7886458333333334,0.46944183,0.78375,4.454951047897339
0.4619546,0.7886458333333334,0.46942857,0.78375,4.456721305847168
0.4619424,0.7886458333333334,0.4694152,0.78375,4.458479166030884
0.4619302,0.7886458333333334,0.46940187,0.78375,4.460301876068115
0.46191797,0.7886458333333334,0.4693885,0.78375,4.46204948425293
0.46190578,0.7886458333333334,0.46937525,0.78375,4.463869571685791
0.46189356,0.7886458333333334,0.469362,0.78375,4.465678930282593
0.4618814,0.7886458333333334,0.4693487,0.78375,4.467499732971191
0.46186924,0.7886458333333334,0.46933544,0.78375,4.469250679016113
0.4618571,0.7886458333333334,0.469322,0.78375,4.471047878265381
0.46184495,0.7886458333333334,0.46930867,0.78375,4.472804069519043
0.4618328,0.7886458333333334,0.4692954,0.78375,4.47456169128418
0.46182072,0.7886458333333334,0.46928206,0.78375,4.476390838623047
0.46180862,0.7886458333333334,0.4692688,0.78375,4.478142499923706
0.46179652,0.7886458333333334,0.46925548,0.78375,4.479897737503052
0.46178445,0.7886458333333334,0.46924204,0.78375,4.481644868850708
0.4617724,0.7886458333333334,0.46922863,0.78375,4.483396053314209
0.4617603,0.7886458333333334,0.46921524,0.78375,4.485209703445435
0.46174824,0.7886458333333334,0.46920186,0.78375,4.487022161483765
0.4617362,0.7886458333333334,0.46918854,0.78375,4.48883581161499
0.46172425,0.7886458333333334,0.46917522,0.7841666666666667,4.49064040184021
0.46171218,0.7886458333333334,0.46916193,0.7841666666666667,4.492406129837036
0.46170017,0.7886458333333334,0.46914867,0.7841666666666667,4.494159460067749
0.4616882,0.7886458333333334,0.46913543,0.7841666666666667,4.495978116989136
0.46167624,0.7886458333333334,0.46912217,0.7841666666666667,4.497791528701782
0.46166432,0.7886458333333334,0.46910894,0.7845833333333333,4.49956202507019
0.46165237,0.7886458333333334,0.46909583,0.7845833333333333,4.501319169998169
0.46164048,0.7886458333333334,0.46908265,0.7845833333333333,4.503080368041992
0.46162856,0.7886458333333334,0.46906948,0.7845833333333333,4.5049028396606445
0.46161672,0.7886458333333334,0.46905655,0.7845833333333333,4.5067174434661865
0.46160477,0.7886458333333334,0.46904358,0.7845833333333333,4.508540630340576
0.46159297,0.7886458333333334,0.46903062,0.7845833333333333,4.510290622711182
0.46158105,0.7886458333333334,0.46901762,0.7845833333333333,4.512042045593262
0.46156922,0.7886458333333334,0.46900466,0.7845833333333333,4.513800382614136
0.46155742,0.7886458333333334,0.46899164,0.7845833333333333,4.515567064285278
0.46154562,0.7886458333333334,0.46897867,0.7845833333333333,4.517320871353149
0.4615338,0.7886458333333334,0.4689657,0.7845833333333333,4.51906943321228
0.46152207,0.7886458333333334,0.46895283,0.7845833333333333,4.520832538604736
0.4615103,0.78875,0.46894008,0.7845833333333333,4.522583723068237
0.46149856,0.78875,0.4689273,0.7845833333333333,4.5243446826934814
0.46148682,0.78875,0.46891448,0.7845833333333333,4.526089906692505
0.4614751,0.78875,0.46890172,0.7841666666666667,4.527846813201904
0.46146336,0.78875,0.46888897,0.7841666666666667,4.529598951339722
0.46145177,0.78875,0.46887618,0.7841666666666667,4.53135085105896
0.46144003,0.78875,0.4688635,0.7841666666666667,4.533105373382568
0.46142837,0.78875,0.46885064,0.7841666666666667,4.534925222396851
0.46141672,0.7888541666666666,0.4688379,0.7841666666666667,4.536740064620972
0.46140507,0.7888541666666666,0.46882507,0.7841666666666667,4.5384886264801025
0.46139345,0.7888541666666666,0.46881226,0.7841666666666667,4.5402984619140625
0.46138182,0.7888541666666666,0.46879938,0.7841666666666667,4.542097806930542
0.46137023,0.7888541666666666,0.4687865,0.7841666666666667,4.5438573360443115
0.46135864,0.7888541666666666,0.4687737,0.7841666666666667,4.545611381530762
0.46134698,0.7888541666666666,0.46876088,0.7841666666666667,4.547367572784424
0.46133545,0.7888541666666666,0.46874812,0.7841666666666667,4.549128532409668
0.46132392,0.7888541666666666,0.46873534,0.7841666666666667,4.55088472366333
0.4613123,0.7888541666666666,0.46872252,0.7841666666666667,4.55272364616394
0.46130082,0.7888541666666666,0.46870977,0.7841666666666667,4.554487466812134
0.46128932,0.7888541666666666,0.4686971,0.7841666666666667,4.556282997131348
0.4612778,0.7888541666666666,0.46868438,0.7841666666666667,4.558067560195923
0.46126634,0.7888541666666666,0.46867168,0.7841666666666667,4.559850692749023
0.46125484,0.7888541666666666,0.46865904,0.7841666666666667,4.561730146408081
0.4612434,0.7888541666666666,0.4686465,0.7841666666666667,4.5635175704956055
0.4612319,0.7888541666666666,0.46863377,0.7841666666666667,4.5652947425842285
0.4612205,0.7888541666666666,0.46862108,0.7841666666666667,4.567089796066284
0.46120912,0.7888541666666666,0.4686085,0.7841666666666667,4.5689332485198975
0.46119767,0.7888541666666666,0.4685959,0.7841666666666667,4.570714712142944
0.46118626,0.7889583333333333,0.46858323,0.7841666666666667,4.572492599487305
0.46117488,0.7889583333333333,0.46857056,0.7841666666666667,4.57424783706665
0.4611635,0.7889583333333333,0.46855795,0.7841666666666667,4.5760602951049805
0.46115208,0.7889583333333333,0.46854538,0.7841666666666667,4.577814340591431
0.46114075,0.7889583333333333,0.46853277,0.7841666666666667,4.579590320587158
0.46112946,0.7889583333333333,0.46852025,0.7841666666666667,4.581399440765381
0.46111807,0.7889583333333333,0.46850765,0.7841666666666667,4.583157777786255
0.46110672,0.7889583333333333,0.46849513,0.7841666666666667,4.584974765777588
0.46109542,0.7889583333333333,0.46848267,0.7841666666666667,4.586726188659668
0.4610842,0.7889583333333333,0.46847016,0.7841666666666667,4.588488817214966
0.4610729,0.7889583333333333,0.4684578,0.7841666666666667,4.590240478515625
0.46106166,0.7889583333333333,0.46844542,0.7841666666666667,4.592039585113525
0.46105042,0.7889583333333333,0.46843308,0.7841666666666667,4.593853712081909
0.4610392,0.7889583333333333,0.4684207,0.7841666666666667,4.595678329467773
0.46102798,0.7889583333333333,0.46840847,0.7841666666666667,4.597480058670044
0.46101674,0.7889583333333333,0.46839625,0.7841666666666667,4.599234580993652
0.46100557,0.7889583333333333,0.46838406,0.7841666666666667,4.600996494293213
0.46099442,0.7889583333333333,0.46837184,0.7841666666666667,4.602805852890015
0.46098322,0.7889583333333333,0.46835962,0.7841666666666667,4.604649782180786
0.4609721,0.7889583333333333,0.46834743,0.7841666666666667,4.606412410736084
0.46096098,0.7889583333333333,0.46833533,0.7841666666666667,4.608233213424683
0.46094987,0.7889583333333333,0.46832305,0.7841666666666667,4.610059976577759
0.46093872,0.7889583333333333,0.4683109,0.7841666666666667,4.611825942993164
0.46092764,0.7889583333333333,0.46829873,0.7841666666666667,4.613634347915649
0.46091655,0.7889583333333333,0.4682866,0.7841666666666667,4.61538290977478
0.46090552,0.7889583333333333,0.46827447,0.7841666666666667,4.617196321487427
0.46089447,0.7889583333333333,0.4682623,0.7841666666666667,4.618947982788086
0.46088338,0.7889583333333333,0.46825022,0.7841666666666667,4.620756149291992
0.4608723,0.7889583333333333,0.46823817,0.7841666666666667,4.622560262680054
0.46086127,0.7888541666666666,0.46822608,0.7841666666666667,4.624325513839722
0.46085027,0.7888541666666666,0.46821395,0.7841666666666667,4.626074552536011
0.46083924,0.7888541666666666,0.468202,0.7841666666666667,4.627832889556885
0.4608283,0.7889583333333333,0.46819004,0.7841666666666667,4.629647493362427
0.4608173,0.7889583333333333,0.46817815,0.7841666666666667,4.6313934326171875
0.46080637,0.7889583333333333,0.46816614,0.7841666666666667,4.633198022842407
0.4607954,0.7888541666666666,0.4681542,0.7841666666666667,4.634998559951782
0.4607845,0.7888541666666666,0.4681423,0.7841666666666667,4.63676905632019
0.46077362,0.7888541666666666,0.46813035,0.7841666666666667,4.63853120803833
0.46076268,0.7888541666666666,0.46811843,0.7841666666666667,4.640347003936768
0.4607518,0.7888541666666666,0.46810648,0.7841666666666667,4.642103672027588
0.46074092,0.7888541666666666,0.46809453,0.7841666666666667,4.64391303062439
0.46073008,0.7888541666666666,0.4680827,0.7841666666666667,4.645725965499878
0.4607192,0.7888541666666666,0.46807072,0.7841666666666667,4.647492170333862
0.4607084,0.7889583333333333,0.46805882,0.7841666666666667,4.649254083633423
0.4606976,0.7889583333333333,0.46804693,0.7841666666666667,4.65105676651001
0.4606868,0.7889583333333333,0.46803507,0.7841666666666667,4.652825355529785
0.46067593,0.7890625,0.46802327,0.7841666666666667,4.6545796394348145
0.46066514,0.7890625,0.46801132,0.7841666666666667,4.659868001937866
0.4606544,0.7890625,0.46799946,0.7841666666666667,4.661696195602417
0.46064368,0.7890625,0.46798763,0.7841666666666667,4.6635167598724365
0.4606329,0.7890625,0.4679759,0.7841666666666667,4.665326118469238
0.46062216,0.7890625,0.46796423,0.7841666666666667,4.667081356048584
0.46061143,0.7890625,0.46795252,0.7841666666666667,4.668848752975464
0.46060067,0.7890625,0.46794072,0.7841666666666667,4.670604228973389
0.46059,0.7890625,0.46792898,0.7841666666666667,4.672363996505737
0.46057934,0.7890625,0.4679171,0.7841666666666667,4.6741156578063965
0.4605687,0.7890625,0.46790522,0.7841666666666667,4.675936460494995
0.46055797,0.7890625,0.46789348,0.7841666666666667,4.677743673324585
0.46054733,0.7890625,0.46788156,0.7841666666666667,4.679548025131226
0.4605367,0.7890625,0.46786982,0.7841666666666667,4.681297302246094
0.46052608,0.7890625,0.46785793,0.7841666666666667,4.683103322982788
0.46051538,0.7890625,0.46784613,0.7841666666666667,4.68487024307251
0.4605048,0.7890625,0.46783426,0.7841666666666667,4.686681747436523
0.4604942,0.7891666666666667,0.46782246,0.7841666666666667,4.688504695892334
0.4604836,0.7891666666666667,0.46781063,0.7841666666666667,4.690253734588623
0.46047306,0.7891666666666667,0.46779883,0.7841666666666667,4.692014217376709
0.46046245,0.7891666666666667,0.46778712,0.7841666666666667,4.693758487701416
0.46045187,0.7891666666666667,0.46777537,0.7841666666666667,4.695582151412964
0.46044132,0.7891666666666667,0.4677635,0.7841666666666667,4.697330713272095
0.46043074,0.7891666666666667,0.46775177,0.7841666666666667,4.699141502380371
0.46042022,0.7891666666666667,0.46773997,0.7841666666666667,4.700957775115967
0.46040976,0.7891666666666667,0.46772817,0.7841666666666667,4.70272421836853
0.4603992,0.7891666666666667,0.46771637,0.7841666666666667,4.704533815383911
0.4603887,0.7891666666666667,0.46770456,0.7841666666666667,4.706346273422241
0.46037826,0.7891666666666667,0.46769282,0.7841666666666667,4.70811915397644
0.4603678,0.7892708333333334,0.4676811,0.7841666666666667,4.709927320480347
0.46035725,0.7892708333333334,0.46766937,0.7841666666666667,4.711740016937256
0.46034682,0.7892708333333334,0.46765763,0.7841666666666667,4.713561058044434
0.46033636,0.7892708333333334,0.4676459,0.7841666666666667,4.715315341949463
0.46032602,0.7892708333333334,0.4676343,0.7841666666666667,4.717080593109131
0.46031556,0.7892708333333334,0.46762273,0.7841666666666667,4.718841791152954
0.46030512,0.7892708333333334,0.46761113,0.7841666666666667,4.720614910125732
0.4602948,0.7892708333333334,0.4675997,0.7841666666666667,4.722373723983765
0.46028438,0.7892708333333334,0.46758804,0.7841666666666667,4.7242045402526855
0.460274,0.7892708333333334,0.46757653,0.7841666666666667,4.726019620895386
0.46026367,0.7892708333333334,0.467565,0.7841666666666667,4.727786302566528
0.4602533,0.7892708333333334,0.46755356,0.7841666666666667,4.729539394378662
0.46024296,0.7892708333333334,0.4675421,0.7841666666666667,4.731290340423584
0.4602327,0.7892708333333334,0.4675306,0.7845833333333333,4.733053922653198
0.46022242,0.7892708333333334,0.46751928,0.7845833333333333,4.734805345535278
0.4602121,0.7892708333333334,0.46750787,0.7845833333333333,4.736632347106934
0.46020177,0.7891666666666667,0.46749642,0.7845833333333333,4.738464832305908
0.46019155,0.7891666666666667,0.46748525,0.7845833333333333,4.74028205871582
0.46018133,0.7891666666666667,0.46747395,0.7845833333333333,4.742085933685303
0.4601711,0.7891666666666667,0.4674628,0.7845833333333333,4.7438390254974365
0.46016088,0.7891666666666667,0.46745154,0.7845833333333333,4.745587110519409
0.46015072,0.7891666666666667,0.46744034,0.7845833333333333,4.747344017028809
0.46014044,0.7891666666666667,0.46742916,0.7845833333333333,4.749104976654053
0.46013024,0.7891666666666667,0.46741787,0.7845833333333333,4.7509167194366455
0.46012008,0.7891666666666667,0.46740663,0.7845833333333333,4.752727270126343
0.46010986,0.7891666666666667,0.46739534,0.7845833333333333,4.754485607147217
0.46009973,0.7891666666666667,0.4673842,0.7845833333333333,4.75624942779541
0.46008962,0.7891666666666667,0.4673729,0.7845833333333333,4.758009910583496
0.4600795,0.7891666666666667,0.46736175,0.7845833333333333,4.759776830673218
0.4600694,0.7891666666666667,0.46735057,0.7845833333333333,4.761536359786987
0.46005926,0.7891666666666667,0.46733934,0.7845833333333333,4.763297080993652
0.46004918,0.7891666666666667,0.4673282,0.7845833333333333,4.765065908432007
0.4600391,0.7891666666666667,0.46731704,0.7845833333333333,4.766829490661621
0.46002904,0.7891666666666667,0.4673059,0.7845833333333333,4.768661975860596
0.46001896,0.7891666666666667,0.46729472,0.7845833333333333,4.7704808712005615
0.46000895,0.7891666666666667,0.46728364,0.7845833333333333,4.772305965423584
0.45999888,0.7891666666666667,0.46727255,0.7845833333333333,4.774122714996338
0.4599888,0.7890625,0.46726134,0.7845833333333333,4.77588963508606
0.45997885,0.7890625,0.46725032,0.7845833333333333,4.777639389038086
0.45996878,0.7890625,0.46723917,0.7845833333333333,4.779394149780273
0.45995885,0.7890625,0.46722814,0.7845833333333333,4.781152725219727
0.45994884,0.7889583333333333,0.4672171,0.7845833333333333,4.782901048660278
0.4599389,0.7889583333333333,0.46720597,0.7845833333333333,4.784659147262573
0.4599289,0.7889583333333333,0.46719497,0.7845833333333333,4.786409616470337
0.45991898,0.7889583333333333,0.4671839,0.7845833333333333,4.788163661956787
0.45990905,0.7889583333333333,0.46717295,0.7845833333333333,4.789921760559082
0.4598991,0.7889583333333333,0.46716186,0.7845833333333333,4.791682243347168
0.45988917,0.7889583333333333,0.46715087,0.7845833333333333,4.793514966964722
0.45987925,0.7889583333333333,0.46713984,0.7845833333333333,4.795348882675171
0.45986933,0.7889583333333333,0.46712884,0.7845833333333333,4.797181606292725
0.45985952,0.7889583333333333,0.46711788,0.7845833333333333,4.798989772796631
0.4598496,0.7889583333333333,0.46710694,0.7845833333333333,4.800811052322388
0.45983973,0.7889583333333333,0.46709588,0.7845833333333333,4.8025689125061035
0.45982993,0.7889583333333333,0.4670849,0.7845833333333333,4.8043811321258545
0.45982006,0.7889583333333333,0.46707404,0.7845833333333333,4.806144714355469
0.45981017,0.7889583333333333,0.4670631,0.7845833333333333,4.807907342910767
0.45980036,0.7889583333333333,0.4670521,0.7845833333333333,4.809668779373169
0.45979056,0.7889583333333333,0.46704122,0.7845833333333333,4.811479091644287
0.45978078,0.7889583333333333,0.4670303,0.7845833333333333,4.813232660293579
0.45977098,0.7889583333333333,0.46701935,0.7845833333333333,4.8149733543396
0.4597612,0.7889583333333333,0.4670085,0.7845833333333333,4.8167405128479
0.45975143,0.7889583333333333,0.46699768,0.7845833333333333,4.818485260009766
0.4597417,0.7889583333333333,0.46698675,0.7845833333333333,4.820253372192383
0.4597319,0.7889583333333333,0.46697608,0.7845833333333333,4.822007417678833
0.45972225,0.7889583333333333,0.4669653,0.7845833333333333,4.823822975158691
0.45971248,0.7889583333333333,0.46695456,0.7845833333333333,4.825624465942383
0.45970282,0.7889583333333333,0.46694377,0.7845833333333333,4.827434301376343
0.4596931,0.7889583333333333,0.46693307,0.7845833333333333,4.829250812530518
0.45968348,0.7889583333333333,0.46692234,0.7845833333333333,4.831027507781982
0.4596737,0.7889583333333333,0.4669116,0.7845833333333333,4.832797288894653
0.4596641,0.7889583333333333,0.46690094,0.7845833333333333,4.834564924240112
0.4596544,0.7889583333333333,0.46689025,0.7845833333333333,4.836325645446777
0.45964473,0.7889583333333333,0.46687952,0.7845833333333333,4.8380889892578125
0.4596351,0.7889583333333333,0.4668687,0.7845833333333333,4.839845657348633
0.4596255,0.7889583333333333,0.466858,0.7845833333333333,4.84161114692688
0.45961595,0.7889583333333333,0.46684724,0.7845833333333333,4.843426465988159
0.45960626,0.7889583333333333,0.46683654,0.7845833333333333,4.845181226730347
0.45959666,0.7889583333333333,0.4668258,0.7845833333333333,4.846996784210205
0.45958716,0.7889583333333333,0.46681508,0.7845833333333333,4.848876237869263
0.4595776,0.7889583333333333,0.46680444,0.7845833333333333,4.85063624382019
0.45956793,0.7889583333333333,0.46679372,0.7845833333333333,4.852463960647583
0.4595584,0.7889583333333333,0.466783,0.7845833333333333,4.854212999343872
0.4595489,0.7889583333333333,0.4667724,0.7845833333333333,4.855968952178955
0.45953938,0.7889583333333333,0.46676168,0.7845833333333333,4.857718467712402
0.4595298,0.7889583333333333,0.4667512,0.7845833333333333,4.859485387802124
0.45952025,0.7889583333333333,0.46674073,0.7845833333333333,4.861234426498413
0.4595108,0.7889583333333333,0.46673015,0.7845833333333333,4.862980127334595
0.4595014,0.7888541666666666,0.46671966,0.7845833333333333,4.864746809005737
0.45949188,0.7888541666666666,0.4667092,0.7845833333333333,4.866498708724976
0.45948243,0.7888541666666666,0.4666987,0.7845833333333333,4.868253946304321
0.45947295,0.7888541666666666,0.46668825,0.7845833333333333,4.870009899139404
0.4594635,0.7888541666666666,0.4666777,0.7845833333333333,4.871830463409424
0.4594541,0.7888541666666666,0.46666726,0.7845833333333333,4.873589038848877
0.45944467,0.7888541666666666,0.46665674,0.7845833333333333,4.875396013259888
0.45943528,0.7888541666666666,0.46664637,0.7845833333333333,4.877206087112427
0.45942587,0.7888541666666666,0.46663588,0.7845833333333333,4.878949165344238
0.4594164,0.7888541666666666,0.46662548,0.7845833333333333,4.880708932876587
0.45940703,0.7888541666666666,0.46661505,0.7845833333333333,4.882458209991455
0.45939764,0.7888541666666666,0.46660462,0.7845833333333333,4.884280443191528
0.4593883,0.7888541666666666,0.46659425,0.7845833333333333,4.8860790729522705
0.45937887,0.7888541666666666,0.46658382,0.7845833333333333,4.887848854064941
0.4593696,0.7888541666666666,0.46657333,0.7845833333333333,4.889653444290161
0.45936024,0.7888541666666666,0.46656296,0.7845833333333333,4.891423225402832
0.45935094,0.7888541666666666,0.4665526,0.7845833333333333,4.893240690231323
0.4593416,0.7888541666666666,0.46654224,0.7845833333333333,4.895050287246704
0.4593323,0.7888541666666666,0.46653193,0.7845833333333333,4.896811008453369
0.45932302,0.7888541666666666,0.4665215,0.7845833333333333,4.898568391799927
0.45931372,0.7888541666666666,0.46651122,0.7845833333333333,4.9003236293792725
0.4593044,0.7888541666666666,0.4665009,0.7845833333333333,4.902078151702881
0.45929518,0.7888541666666666,0.46649063,0.7845833333333333,4.903844833374023
0.45928594,0.7888541666666666,0.46648026,0.7845833333333333,4.905589580535889
0.45927665,0.7888541666666666,0.46646997,0.7845833333333333,4.907339572906494
0.45926744,0.7888541666666666,0.46645975,0.7845833333333333,4.909163951873779
0.45925823,0.7888541666666666,0.46644944,0.7845833333333333,4.910918712615967
0.45924896,0.7888541666666666,0.46643922,0.7845833333333333,4.912671089172363
0.4592398,0.7888541666666666,0.46642902,0.7845833333333333,4.914422035217285
0.4592306,0.7888541666666666,0.46641877,0.7845833333333333,4.916252374649048
0.4592214,0.7888541666666666,0.46640855,0.7845833333333333,4.9180073738098145
0.45921224,0.7888541666666666,0.46639836,0.7845833333333333,4.919768571853638
0.4592031,0.7888541666666666,0.4663881,0.7845833333333333,4.9215264320373535
0.4591939,0.7888541666666666,0.4663779,0.7845833333333333,4.923286199569702
0.45918474,0.7888541666666666,0.4663677,0.7845833333333333,4.925051927566528
0.45917562,0.7888541666666666,0.4663576,0.7845833333333333,4.926809310913086
0.45916653,0.7888541666666666,0.46634734,0.7845833333333333,4.928566217422485
0.4591574,0.7888541666666666,0.4663373,0.7845833333333333,4.930387496948242
0.45914826,0.7888541666666666,0.46632716,0.7845833333333333,4.932148694992065
0.4591392,0.7888541666666666,0.46631718,0.7845833333333333,4.933962345123291
0.4591301,0.7888541666666666,0.466307,0.7845833333333333,4.935778856277466
0.45912105,0.7888541666666666,0.466297,0.7845833333333333,4.937523365020752
0.45911193,0.7888541666666666,0.46628693,0.7845833333333333,4.939276695251465
0.4591029,0.7888541666666666,0.4662769,0.7845833333333333,4.941037654876709
0.45909384,0.7888541666666666,0.46626684,0.7845833333333333,4.9427878856658936
0.45908487,0.7888541666666666,0.46625647,0.7845833333333333,4.944620847702026
0.45907584,0.7888541666666666,0.46624604,0.7845833333333333,4.946434736251831
0.45906678,0.7888541666666666,0.46623567,0.7845833333333333,4.948243618011475
0.45905778,0.7888541666666666,0.46622527,0.7845833333333333,4.949994087219238
0.45904878,0.7888541666666666,0.46621475,0.7845833333333333,4.951747894287109
0.45903978,0.7888541666666666,0.46620432,0.7845833333333333,4.953564882278442
0.45903075,0.7888541666666666,0.46619394,0.7845833333333333,4.955328941345215
0.4590218,0.7888541666666666,0.46618348,0.7845833333333333,4.957091808319092
0.4590128,0.7888541666666666,0.46617314,0.7845833333333333,4.958856105804443
0.45900387,0.7888541666666666,0.46616277,0.7841666666666667,4.960622787475586
0.45899487,0.7888541666666666,0.4661524,0.7841666666666667,4.962383031845093
0.45898595,0.7888541666666666,0.46614227,0.7841666666666667,4.964141368865967
0.458977,0.78875,0.4661317,0.7841666666666667,4.965893268585205
0.4589681,0.78875,0.46612126,0.7841666666666667,4.967661619186401
0.4589592,0.78875,0.4661108,0.7841666666666667,4.9694154262542725
0.45895025,0.78875,0.46610042,0.7841666666666667,4.971233129501343
0.45894134,0.7888541666666666,0.46609008,0.7841666666666667,4.972998857498169
0.4589324,0.7888541666666666,0.46607962,0.7841666666666667,4.974752902984619
0.45892355,0.7888541666666666,0.46606922,0.7841666666666667,4.976574659347534
0.45891464,0.7888541666666666,0.466059,0.7841666666666667,4.978326797485352
0.45890585,0.7888541666666666,0.4660487,0.7841666666666667,4.980154037475586
0.45889693,0.7888541666666666,0.4660384,0.7841666666666667,4.981912612915039
0.45888808,0.7888541666666666,0.4660283,0.7841666666666667,4.983688831329346
0.45887923,0.7888541666666666,0.46601802,0.7841666666666667,4.985433101654053
0.45887038,0.7888541666666666,0.4660079,0.7841666666666667,4.987189531326294
0.45886153,0.7888541666666666,0.46599782,0.7841666666666667,4.98894739151001
0.45885274,0.7888541666666666,0.4659877,0.7841666666666667,4.990778207778931
0.45884395,0.7888541666666666,0.46597764,0.7841666666666667,4.992546081542969
0.45883518,0.7888541666666666,0.46596766,0.7841666666666667,4.994290351867676
0.45882633,0.7888541666666666,0.4659575,0.7841666666666667,4.996052026748657
0.4588176,0.7888541666666666,0.46594763,0.7841666666666667,4.997831583023071
0.45880884,0.7888541666666666,0.46593764,0.7845833333333333,4.999622344970703
0.45880005,0.7888541666666666,0.46592763,0.7845833333333333,5.0014426708221436
0.4587913,0.7888541666666666,0.46591762,0.7845833333333333,5.003191232681274
0.45878255,0.7888541666666666,0.46590763,0.7845833333333333,5.004948139190674
0.4587739,0.7888541666666666,0.46589762,0.7845833333333333,5.006700038909912
0.45876512,0.7888541666666666,0.46588767,0.7845833333333333,5.008458852767944
0.45875642,0.7888541666666666,0.46587768,0.7845833333333333,5.010278224945068
0.45874766,0.7888541666666666,0.46586767,0.7845833333333333,5.012090682983398
0.458739,0.7888541666666666,0.46585768,0.7845833333333333,5.013901710510254
0.45873025,0.7888541666666666,0.46584773,0.7845833333333333,5.0156567096710205
0.45872158,0.7888541666666666,0.4658378,0.7845833333333333,5.017413854598999
0.45871288,0.7888541666666666,0.46582785,0.7845833333333333,5.0192179679870605
0.45870423,0.7888541666666666,0.46581787,0.7845833333333333,5.021024703979492
0.4586956,0.7888541666666666,0.465808,0.7845833333333333,5.022785663604736
0.4586869,0.7888541666666666,0.46579808,0.7845833333333333,5.0245521068573
0.45867828,0.7888541666666666,0.46578833,0.7845833333333333,5.026296854019165
0.45866957,0.7888541666666666,0.4657785,0.7845833333333333,5.028061389923096
0.458661,0.7888541666666666,0.46576864,0.7845833333333333,5.029818058013916
0.4586524,0.7888541666666666,0.46575886,0.7845833333333333,5.031580209732056
0.4586438,0.7888541666666666,0.4657491,0.7845833333333333,5.033483982086182
0.45863515,0.7889583333333333,0.4657394,0.7845833333333333,5.035283327102661
0.4586266,0.7889583333333333,0.46572956,0.7845833333333333,5.037042856216431
0.45861796,0.7889583333333333,0.4657199,0.7845833333333333,5.038800239562988
0.45860946,0.7889583333333333,0.4657102,0.7845833333333333,5.040570974349976
0.45860088,0.7889583333333333,0.46570048,0.7845833333333333,5.042400121688843
0.45859233,0.7889583333333333,0.46569082,0.7845833333333333,5.0441672801971436
0.45858374,0.7889583333333333,0.4656814,0.7845833333333333,5.045927286148071
0.45857525,0.7889583333333333,0.4656719,0.7845833333333333,5.047684907913208
0.45856676,0.7889583333333333,0.46566245,0.7845833333333333,5.049445152282715
0.45855814,0.7889583333333333,0.46565282,0.7845833333333333,5.051208019256592
0.45854965,0.7889583333333333,0.46564326,0.7845833333333333,5.052961826324463
0.45854115,0.7889583333333333,0.4656336,0.7845833333333333,5.054715871810913
0.45853272,0.7889583333333333,0.46562403,0.7845833333333333,5.056539058685303
0.45852423,0.7889583333333333,0.4656144,0.7845833333333333,5.058358192443848
0.45851573,0.7889583333333333,0.46560487,0.7845833333333333,5.060114622116089
0.45850724,0.7889583333333333,0.46559533,0.7845833333333333,5.0618650913238525
0.45849875,0.7889583333333333,0.4655858,0.7845833333333333,5.063621997833252
0.45849034,0.7889583333333333,0.46557626,0.7845833333333333,5.0653791427612305
0.45848185,0.7890625,0.46556675,0.7845833333333333,5.067195415496826
0.4584734,0.7890625,0.46555725,0.7845833333333333,5.069018125534058
0.458465,0.7890625,0.46554774,0.785,5.07077956199646
0.45845658,0.7890625,0.46553844,0.785,5.0726072788238525
0.45844817,0.7890625,0.46552908,0.785,5.074369430541992
0.45843974,0.7889583333333333,0.46551976,0.785,5.076122760772705
0.4584314,0.7889583333333333,0.46551052,0.785,5.077873706817627
0.45842305,0.7889583333333333,0.4655011,0.785,5.079682111740112
0.45841467,0.7889583333333333,0.46549195,0.785,5.081441640853882
0.4584062,0.7889583333333333,0.4654826,0.785,5.083188056945801
0.45839792,0.7889583333333333,0.46547332,0.785,5.084947347640991
0.45838958,0.7889583333333333,0.46546403,0.785,5.086709976196289
0.4583812,0.7889583333333333,0.46545482,0.785,5.0884668827056885
0.45837295,0.7889583333333333,0.46544552,0.785,5.090213298797607
0.45836467,0.7889583333333333,0.46543634,0.785,5.091975212097168
0.45835632,0.7889583333333333,0.4654271,0.785,5.093724727630615
0.45834798,0.7889583333333333,0.46541768,0.785,5.095493316650391
0.4583397,0.7889583333333333,0.46540853,0.785,5.097303867340088
0.45833147,0.7889583333333333,0.46539927,0.785,5.099055051803589
0.45832315,0.7889583333333333,0.46538997,0.785,5.100875377655029
0.45831487,0.7889583333333333,0.46538085,0.785,5.102642774581909
0.45830664,0.7889583333333333,0.4653717,0.785,5.104467391967773
0.45829844,0.7889583333333333,0.46536255,0.785,5.106254816055298
0.4582902,0.7890625,0.4653534,0.785,5.108034610748291
0.45828196,0.7890625,0.46534425,0.7854166666666667,5.109792470932007
0.4582737,0.7890625,0.46533525,0.7854166666666667,5.1115570068359375
0.45826554,0.7890625,0.46532622,0.7854166666666667,5.113309383392334
0.4582574,0.7890625,0.46531722,0.7854166666666667,5.115132808685303
0.4582492,0.7890625,0.4653082,0.7854166666666667,5.116953372955322
0.45824102,0.7890625,0.46529916,0.7854166666666667,5.118706226348877
0.45823282,0.7890625,0.46529022,0.7854166666666667,5.120527029037476
0.45822468,0.7890625,0.46528116,0.7854166666666667,5.122330665588379
0.45821655,0.7890625,0.46527216,0.7854166666666667,5.124165773391724
0.4582084,0.7890625,0.46526316,0.7854166666666667,5.125975608825684
0.45820028,0.7890625,0.46525407,0.7854166666666667,5.127738952636719
0.4581922,0.7890625,0.46524495,0.7854166666666667,5.129495143890381
0.45818406,0.7890625,0.4652361,0.7854166666666667,5.131310701370239
0.45817596,0.7890625,0.46522725,0.7854166666666667,5.133127450942993
0.45816788,0.7890625,0.46521854,0.7854166666666667,5.13487982749939
0.45815983,0.7890625,0.46520954,0.7854166666666667,5.136644124984741
0.45815176,0.7890625,0.4652006,0.7854166666666667,5.138395309448242
0.45814368,0.7890625,0.46519175,0.7854166666666667,5.140159845352173
0.45813563,0.7890625,0.46518275,0.7854166666666667,5.1419103145599365
0.4581275,0.7890625,0.46517384,0.7854166666666667,5.143687963485718
0.4581195,0.7890625,0.4651649,0.7854166666666667,5.145450592041016
0.45811146,0.7890625,0.46515596,0.7854166666666667,5.14722752571106
0.45810345,0.7890625,0.4651471,0.7854166666666667,5.148984909057617
0.45809546,0.7889583333333333,0.4651382,0.7854166666666667,5.150731086730957
0.45808747,0.7889583333333333,0.4651293,0.7854166666666667,5.152496099472046
0.45807943,0.7889583333333333,0.46512035,0.7854166666666667,5.15424656867981
0.45807144,0.7889583333333333,0.46511135,0.7854166666666667,5.156001567840576
0.4580634,0.7889583333333333,0.46510237,0.7854166666666667,5.15782356262207
0.45805547,0.7889583333333333,0.46509352,0.7854166666666667,5.15958309173584
0.45804748,0.7889583333333333,0.46508467,0.7854166666666667,5.161349296569824
0.4580395,0.7889583333333333,0.46507573,0.7854166666666667,5.163102149963379
0.45803156,0.7889583333333333,0.46506688,0.7854166666666667,5.164862155914307
0.45802364,0.7889583333333333,0.46505803,0.7854166666666667,5.1666107177734375
0.4580157,0.7889583333333333,0.46504915,0.7854166666666667,5.168442726135254
0.45800772,0.7888541666666666,0.46504024,0.7854166666666667,5.1702353954315186
0.45799989,0.7888541666666666,0.4650314,0.7854166666666667,5.17200493812561
0.4579919,0.7888541666666666,0.46502253,0.7854166666666667,5.173757076263428
0.457984,0.7888541666666666,0.46501374,0.7854166666666667,5.175582408905029
0.45797607,0.7888541666666666,0.46500477,0.7854166666666667,5.177337408065796
0.4579682,0.7888541666666666,0.46499592,0.7854166666666667,5.179089069366455
0.4579603,0.7888541666666666,0.46498713,0.7854166666666667,5.180861711502075
0.4579524,0.7889583333333333,0.46497822,0.7854166666666667,5.182614803314209
0.45794454,0.7889583333333333,0.4649695,0.7854166666666667,5.18443751335144
0.4579367,0.7889583333333333,0.46496063,0.7854166666666667,5.1861960887908936
0.45792887,0.7889583333333333,0.46495184,0.7854166666666667,5.188007354736328
0.45792103,0.7889583333333333,0.464943,0.7854166666666667,5.189774751663208
0.45791316,0.7889583333333333,0.46493414,0.7854166666666667,5.191593170166016
0.45790538,0.7889583333333333,0.46492538,0.7854166666666667,5.1934027671813965
0.45789748,0.7889583333333333,0.46491653,0.7854166666666667,5.195204257965088
0.45788977,0.7889583333333333,0.46490782,0.7854166666666667,5.197016716003418
0.45788187,0.7889583333333333,0.46489903,0.7854166666666667,5.198787212371826
0.4578741,0.7889583333333333,0.4648904,0.7854166666666667,5.20063328742981
0.4578663,0.7889583333333333,0.4648816,0.7854166666666667,5.202430486679077
0.45785853,0.7889583333333333,0.4648729,0.7854166666666667,5.204257965087891
0.45785075,0.7889583333333333,0.4648642,0.7854166666666667,5.206061840057373
0.45784298,0.7889583333333333,0.46485555,0.7854166666666667,5.2078282833099365
0.45783523,0.7889583333333333,0.4648468,0.7854166666666667,5.209582805633545
0.4578275,0.7889583333333333,0.46483815,0.7854166666666667,5.211333274841309
0.45781976,0.7889583333333333,0.46482942,0.7854166666666667,5.2130889892578125
0.45781198,0.7889583333333333,0.46482077,0.7854166666666667,5.214833736419678
0.4578042,0.7889583333333333,0.46481207,0.7854166666666667,5.216586351394653
0.45779657,0.7889583333333333,0.46480343,0.7854166666666667,5.218342304229736
0.45778885,0.7889583333333333,0.46479475,0.7854166666666667,5.220096588134766
0.4577811,0.7888541666666666,0.46478623,0.7854166666666667,5.221848726272583
0.45777345,0.78875,0.46477777,0.7854166666666667,5.223671913146973
0.45776576,0.78875,0.46476918,0.7854166666666667,5.2254862785339355
0.45775804,0.78875,0.4647607,0.7854166666666667,5.227237701416016
0.45775035,0.78875,0.46475214,0.7854166666666667,5.229003190994263
0.45774278,0.78875,0.46474364,0.7854166666666667,5.230760097503662
0.45773503,0.78875,0.46473515,0.7854166666666667,5.232588768005371
0.4577274,0.78875,0.46472657,0.7854166666666667,5.234410285949707
0.4577197,0.78875,0.46471807,0.7854166666666667,5.236168384552002
0.45771214,0.7888541666666666,0.46470958,0.7854166666666667,5.237927675247192
0.45770445,0.7888541666666666,0.46470094,0.7854166666666667,5.23969292640686
0.45769688,0.7888541666666666,0.46469238,0.7854166666666667,5.2414391040802
0.45768926,0.7888541666666666,0.46468383,0.7854166666666667,5.24318790435791
0.4576817,0.7888541666666666,0.46467525,0.7854166666666667,5.2449493408203125
0.45767406,0.7888541666666666,0.46466675,0.7854166666666667,5.246711730957031
0.4576665,0.7888541666666666,0.4646582,0.7854166666666667,5.248531341552734
0.45765895,0.7888541666666666,0.46464977,0.7854166666666667,5.250287294387817
0.4576514,0.7888541666666666,0.46464115,0.7854166666666667,5.252096891403198
0.45764378,0.7889583333333333,0.46463272,0.7854166666666667,5.253850936889648
0.4576362,0.7890625,0.46462417,0.7854166666666667,5.255629539489746
0.4576287,0.7890625,0.46461567,0.7854166666666667,5.257379531860352
0.45762116,0.7890625,0.46460724,0.7854166666666667,5.259135007858276
0.45761368,0.7890625,0.4645987,0.7854166666666667,5.260891914367676
0.4576061,0.7890625,0.46459025,0.7854166666666667,5.262703895568848
0.45759863,0.7890625,0.46458176,0.7854166666666667,5.26446008682251
0.45759106,0.7890625,0.46457332,0.7854166666666667,5.266258001327515
0.45758358,0.7890625,0.46456486,0.7854166666666667,5.268014430999756
0.4575761,0.7890625,0.46455643,0.7854166666666667,5.269838094711304
0.45756862,0.7890625,0.464548,0.7854166666666667,5.271607398986816
0.45756108,0.7890625,0.4645396,0.7854166666666667,5.2733635902404785
0.45755357,0.7890625,0.46453124,0.7854166666666667,5.275123357772827
0.45754614,0.7890625,0.4645228,0.7854166666666667,5.276888847351074
0.45753866,0.7890625,0.46451446,0.7854166666666667,5.2787024974823
0.45753118,0.7890625,0.46450597,0.7854166666666667,5.28053617477417
0.45752376,0.7890625,0.46449757,0.7854166666666667,5.282293081283569
0.4575163,0.7890625,0.46448925,0.7854166666666667,5.284048080444336
0.4575089,0.7890625,0.46448085,0.7854166666666667,5.285802125930786
0.45750147,0.7890625,0.4644725,0.7854166666666667,5.287559509277344
0.45749405,0.7890625,0.46446416,0.7854166666666667,5.28936767578125
0.45748663,0.7891666666666667,0.46445578,0.7854166666666667,5.291175603866577
0.4574792,0.7891666666666667,0.46444747,0.7854166666666667,5.292932748794556
0.45747188,0.7891666666666667,0.46443912,0.7854166666666667,5.294682025909424
0.4574645,0.7891666666666667,0.4644309,0.7854166666666667,5.296503782272339
0.45745707,0.7891666666666667,0.46442235,0.7854166666666667,5.2982542514801025
0.4574497,0.7891666666666667,0.464414,0.7854166666666667,5.300033807754517
0.45744237,0.7891666666666667,0.46440563,0.7854166666666667,5.301854848861694
0.45743495,0.7891666666666667,0.46439722,0.7854166666666667,5.303670406341553
0.45742756,0.7892708333333334,0.46438888,0.7854166666666667,5.3054726123809814
0.45742026,0.7892708333333334,0.46438053,0.7854166666666667,5.307250261306763
0.45741287,0.7892708333333334,0.46437225,0.7854166666666667,5.309034585952759
0.4574055,0.7892708333333334,0.4643639,0.7854166666666667,5.310849666595459
0.45739827,0.7891666666666667,0.46435556,0.7854166666666667,5.312673568725586
0.4573909,0.7891666666666667,0.46434724,0.7854166666666667,5.314429998397827
0.45738363,0.7891666666666667,0.46433884,0.7854166666666667,5.316249370574951
0.45737624,0.7891666666666667,0.46433043,0.7854166666666667,5.318011283874512
0.45736894,0.7891666666666667,0.464322,0.7854166666666667,5.319796323776245
0.4573616,0.7891666666666667,0.4643136,0.7854166666666667,5.321566343307495
0.45735434,0.7891666666666667,0.46430528,0.7854166666666667,5.323323011398315
0.45734707,0.7892708333333334,0.46429697,0.7854166666666667,5.325095891952515
0.45733967,0.7892708333333334,0.46428868,0.7854166666666667,5.32684326171875
0.4573324,0.7892708333333334,0.46428034,0.7854166666666667,5.328601121902466
0.4573252,0.7892708333333334,0.4642721,0.7854166666666667,5.33036208152771
0.45731795,0.7892708333333334,0.46426386,0.7854166666666667,5.332134485244751
0.4573106,0.7892708333333334,0.46425563,0.7854166666666667,5.333892107009888
0.4573034,0.7892708333333334,0.46424738,0.7854166666666667,5.335648536682129
0.4572961,0.7892708333333334,0.46423915,0.7854166666666667,5.337411880493164
0.45728886,0.7892708333333334,0.4642311,0.7854166666666667,5.33915638923645
0.4572817,0.7892708333333334,0.46422303,0.7854166666666667,5.340908050537109
0.45727447,0.7892708333333334,0.46421483,0.7854166666666667,5.342733860015869
0.45726725,0.7892708333333334,0.46420678,0.7854166666666667,5.344495534896851
0.45726004,0.7892708333333334,0.4641987,0.7854166666666667,5.346307754516602
0.45725277,0.7892708333333334,0.4641905,0.7854166666666667,5.348062992095947
0.45724565,0.7892708333333334,0.46418244,0.7854166666666667,5.349817514419556
0.45723847,0.7892708333333334,0.4641744,0.7854166666666667,5.351592063903809
0.45723125,0.7892708333333334,0.46416625,0.7854166666666667,5.353342771530151
0.45722407,0.7892708333333334,0.46415824,0.7854166666666667,5.355161190032959
0.45721695,0.7892708333333334,0.46415007,0.7854166666666667,5.35692834854126
0.45720974,0.7892708333333334,0.46414214,0.7854166666666667,5.358751535415649
0.4572026,0.7892708333333334,0.464134,0.7854166666666667,5.360520839691162
0.4571955,0.7892708333333334,0.464126,0.7854166666666667,5.362323999404907
0.4571883,0.7892708333333334,0.46411783,0.7854166666666667,5.364131450653076
0.4571812,0.7892708333333334,0.46410987,0.7854166666666667,5.36593770980835
0.45717406,0.7892708333333334,0.46410182,0.7854166666666667,5.367701530456543
0.4571669,0.7892708333333334,0.46409377,0.7854166666666667,5.369513511657715
0.45715982,0.7892708333333334,0.46408576,0.7854166666666667,5.3713226318359375
0.45715272,0.7892708333333334,0.4640778,0.7854166666666667,5.373130798339844
0.45714563,0.7892708333333334,0.4640698,0.7854166666666667,5.3748939037323
0.4571385,0.7892708333333334,0.46406183,0.7854166666666667,5.376660585403442
0.45713145,0.7892708333333334,0.46405384,0.7854166666666667,5.378414630889893
0.45712438,0.7892708333333334,0.46404582,0.7854166666666667,5.380170583724976
0.45711732,0.7892708333333334,0.4640379,0.7854166666666667,5.381985425949097
0.4571102,0.7892708333333334,0.46402994,0.7854166666666667,5.383805274963379
0.45710316,0.789375,0.46402195,0.7854166666666667,5.385556697845459
0.4570961,0.789375,0.46401402,0.7854166666666667,5.387370824813843
0.45708907,0.789375,0.4640061,0.7854166666666667,5.389140367507935
0.457082,0.789375,0.4639981,0.7854166666666667,5.390952110290527
0.45707494,0.789375,0.4639902,0.7854166666666667,5.392712116241455
0.45706794,0.7894791666666666,0.46398228,0.7854166666666667,5.394466400146484
0.45706084,0.7894791666666666,0.46397445,0.7854166666666667,5.396236419677734
0.45705387,0.7894791666666666,0.46396652,0.7854166666666667,5.398056745529175
0.45704687,0.7894791666666666,0.46395865,0.7854166666666667,5.3998706340789795
0.45703983,0.7894791666666666,0.46395075,0.7854166666666667,5.4016289710998535
0.45703283,0.7894791666666666,0.46394283,0.7854166666666667,5.403480291366577
0.45702586,0.7894791666666666,0.463935,0.7854166666666667,5.405252695083618
0.45701888,0.7894791666666666,0.4639271,0.7854166666666667,5.407023668289185
0.4570119,0.7894791666666666,0.46391928,0.7854166666666667,5.408782958984375
0.4570049,0.7894791666666666,0.46391132,0.7854166666666667,5.410595655441284
0.45699793,0.7894791666666666,0.4639036,0.7854166666666667,5.412411451339722
0.45699096,0.7894791666666666,0.46389568,0.7854166666666667,5.414214849472046
0.456984,0.7894791666666666,0.4638879,0.7854166666666667,5.416027069091797
0.45697707,0.7894791666666666,0.46388,0.7854166666666667,5.41777491569519
0.45697013,0.7894791666666666,0.46387216,0.7854166666666667,5.419596195220947
0.45696315,0.7894791666666666,0.46386433,0.7854166666666667,5.421344518661499
0.45695627,0.7894791666666666,0.46385655,0.7854166666666667,5.423151016235352
0.45694932,0.7894791666666666,0.4638489,0.7854166666666667,5.424967527389526
0.45694244,0.7894791666666666,0.46384108,0.7854166666666667,5.42683219909668
0.45693547,0.7894791666666666,0.46383336,0.7854166666666667,5.4285924434661865
0.45692855,0.7894791666666666,0.46382567,0.7854166666666667,5.430399656295776
0.45692176,0.7894791666666666,0.46381795,0.7854166666666667,5.432162523269653
0.4569148,0.7894791666666666,0.46381024,0.7854166666666667,5.433912992477417
0.45690796,0.7895833333333333,0.4638025,0.7854166666666667,5.435733795166016
0.45690104,0.7895833333333333,0.46379486,0.7854166666666667,5.437489032745361
0.45689422,0.7895833333333333,0.46378717,0.7854166666666667,5.439300775527954
0.4568873,0.7895833333333333,0.4637795,0.7854166666666667,5.441064834594727
0.45688045,0.7895833333333333,0.46377197,0.7854166666666667,5.442870378494263
0.4568737,0.7895833333333333,0.46376446,0.7854166666666667,5.44462251663208
0.45686677,0.7895833333333333,0.46375692,0.7854166666666667,5.446385860443115
0.45685995,0.7895833333333333,0.46374938,0.7854166666666667,5.448144435882568
0.45685318,0.7895833333333333,0.46374187,0.7854166666666667,5.449897050857544
0.45684633,0.7895833333333333,0.46373427,0.7854166666666667,5.451721429824829
0.4568395,0.7895833333333333,0.46372676,0.7854166666666667,5.4534759521484375
0.45683268,0.7895833333333333,0.4637192,0.7854166666666667,5.455286979675293
0.45682585,0.7895833333333333,0.4637118,0.7854166666666667,5.45705771446228
0.4568191,0.7895833333333333,0.46370432,0.7854166666666667,5.458810806274414
0.45681235,0.7895833333333333,0.4636969,0.7854166666666667,5.460629940032959
0.45680553,0.7895833333333333,0.46368936,0.7854166666666667,5.462370872497559
0.4567987,0.7895833333333333,0.4636819,0.7854166666666667,5.464193820953369
0.456792,0.7895833333333333,0.46367446,0.7854166666666667,5.465949058532715
0.45678523,0.7895833333333333,0.46366695,0.7854166666666667,5.46771502494812
0.45677847,0.7895833333333333,0.4636594,0.7854166666666667,5.4694623947143555
0.45677176,0.7895833333333333,0.46365198,0.785,5.471224546432495
0.456765,0.7895833333333333,0.46364447,0.785,5.473051071166992
0.45675826,0.7895833333333333,0.46363702,0.785,5.474855899810791
0.4567515,0.7895833333333333,0.4636296,0.785,5.476664066314697
0.45674485,0.7895833333333333,0.46362212,0.785,5.478424549102783
0.45673808,0.7895833333333333,0.4636146,0.785,5.480187177658081
0.45673147,0.7895833333333333,0.46360707,0.785,5.481938600540161
0.4567247,0.7895833333333333,0.4635995,0.785,5.483766078948975
0.45671803,0.7895833333333333,0.46359193,0.785,5.485519647598267
0.45671138,0.7895833333333333,0.46358433,0.785,5.487318277359009
0.45670462,0.7895833333333333,0.4635767,0.785,5.489077806472778
0.45669806,0.7895833333333333,0.46356913,0.785,5.490833282470703
0.45669124,0.7895833333333333,0.46356156,0.785,5.492594957351685
0.45668456,0.7895833333333333,0.46355388,0.785,5.494352340698242
0.45667794,0.7895833333333333,0.4635463,0.785,5.49616813659668
0.4566713,0.7895833333333333,0.46353862,0.785,5.497922420501709
0.45666462,0.7895833333333333,0.4635309,0.785,5.499742031097412
0.45665798,0.7895833333333333,0.46352327,0.785,5.501545667648315
0.45665136,0.7895833333333333,0.46351573,0.785,5.503309726715088
0.45664468,0.7895833333333333,0.46350804,0.785,5.505074739456177
0.45663807,0.7895833333333333,0.46350053,0.785,5.506882429122925
0.4566315,0.7895833333333333,0.46349284,0.785,5.508709907531738
0.45662487,0.7895833333333333,0.4634853,0.785,5.510459899902344
0.4566182,0.7895833333333333,0.46347773,0.785,5.51221489906311
0.45661163,0.7895833333333333,0.46347016,0.785,5.513965129852295
0.45660502,0.7895833333333333,0.46346262,0.785,5.515721797943115
0.4565984,0.7895833333333333,0.4634551,0.785,5.517541408538818
0.45659184,0.7895833333333333,0.46344757,0.785,5.519352197647095
0.4565853,0.7896875,0.46344003,0.785,5.521175384521484
0.45657867,0.7896875,0.46343252,0.785,5.522932767868042
0.45657212,0.7896875,0.46342504,0.785,5.524749755859375
0.4565656,0.7897916666666667,0.46341756,0.785,5.526506423950195
0.456559,0.7897916666666667,0.46341008,0.785,5.528260946273804
0.4565524,0.7897916666666667,0.46340257,0.785,5.530024290084839
0.45654586,0.7897916666666667,0.4633951,0.785,5.531795024871826
0.4565393,0.7897916666666667,0.46338767,0.785,5.53361964225769
0.45653284,0.7897916666666667,0.4633802,0.785,5.535382270812988
0.45652628,0.7897916666666667,0.46337274,0.785,5.537147045135498
0.45651978,0.7897916666666667,0.46336538,0.785,5.538894891738892
0.45651326,0.7897916666666667,0.46335796,0.785,5.5407185554504395
0.45650676,0.7897916666666667,0.46335053,0.785,5.542527675628662
0.4565002,0.7897916666666667,0.46334314,0.785,5.5442893505096436
0.45649374,0.7897916666666667,0.46333572,0.785,5.54610013961792
0.45648727,0.7897916666666667,0.4633284,0.785,5.5478503704071045
0.45648077,0.7897916666666667,0.4633211,0.785,5.5496649742126465
0.4564743,0.7897916666666667,0.4633137,0.785,5.551464557647705
0.45646784,0.7897916666666667,0.46330628,0.785,5.553208112716675
0.45646134,0.7897916666666667,0.463299,0.785,5.555016994476318
0.45645493,0.7897916666666667,0.46329167,0.785,5.5567827224731445
0.45644847,0.7897916666666667,0.4632843,0.785,5.558592081069946
0.456442,0.7897916666666667,0.46327683,0.785,5.560344934463501
0.45643556,0.7897916666666667,0.46326944,0.785,5.562203407287598
0.45642912,0.7897916666666667,0.46326208,0.785,5.563969850540161
0.4564227,0.7897916666666667,0.46325454,0.785,5.565716743469238
0.45641622,0.7897916666666667,0.46324718,0.785,5.567540407180786
0.45640975,0.7897916666666667,0.4632398,0.785,5.569344520568848
0.4564034,0.7897916666666667,0.46323237,0.785,5.571092367172241
0.456397,0.7897916666666667,0.4632252,0.785,5.57284951210022
0.45639053,0.7897916666666667,0.46321782,0.785,5.574613094329834
0.45638412,0.7897916666666667,0.46321055,0.785,5.576394319534302
0.45637777,0.7897916666666667,0.46320322,0.785,5.5782246589660645
0.45637137,0.7897916666666667,0.46319595,0.785,5.580003261566162
0.456365,0.7897916666666667,0.46318862,0.785,5.581830263137817
0.45635858,0.7897916666666667,0.4631814,0.785,5.583660125732422
0.45635223,0.7897916666666667,0.4631742,0.785,5.58542799949646
0.45634583,0.7897916666666667,0.4631671,0.785,5.587247610092163
0.4563395,0.7897916666666667,0.46315995,0.785,5.5890257358551025
0.45633316,0.7896875,0.4631527,0.785,5.590795040130615
0.4563268,0.7896875,0.46314555,0.785,5.5925843715667725
0.4563205,0.7897916666666667,0.4631385,0.785,5.594348907470703
0.45631415,0.7897916666666667,0.46313125,0.785,5.596113920211792
0.45630783,0.7897916666666667,0.4631241,0.785,5.597925901412964
0.4563015,0.7897916666666667,0.46311697,0.785,5.599684476852417
0.45629516,0.7897916666666667,0.46310988,0.785,5.601495742797852
0.45628884,0.7897916666666667,0.46310273,0.785,5.603245973587036
0.45628256,0.7897916666666667,0.46309555,0.785,5.605009078979492
0.45627624,0.7897916666666667,0.4630884,0.785,5.606818914413452
0.45626998,0.7897916666666667,0.4630813,0.785,5.6086554527282715
0.45626363,0.7897916666666667,0.4630741,0.785,5.610465049743652
0.45625743,0.7897916666666667,0.4630669,0.785,5.612279653549194
0.4562511,0.7897916666666667,0.4630597,0.785,5.614041566848755
0.45624483,0.7897916666666667,0.4630525,0.785,5.615804672241211
0.45623857,0.7897916666666667,0.4630454,0.785,5.617611885070801
0.4562323,0.7897916666666667,0.46303818,0.785,5.61941933631897
0.456226,0.7897916666666667,0.46303096,0.785,5.621224641799927
0.45621973,0.7897916666666667,0.46302387,0.785,5.622971296310425
0.45621347,0.7897916666666667,0.46301672,0.785,5.62473464012146
0.45620728,0.7897916666666667,0.4630096,0.785,5.626548528671265
0.45620102,0.7897916666666667,0.46300247,0.785,5.628312110900879
0.45619476,0.7897916666666667,0.46299535,0.785,5.630114555358887
0.45618856,0.7897916666666667,0.46298814,0.785,5.631878137588501
0.45618236,0.7897916666666667,0.4629809,0.785,5.633696556091309
0.4561761,0.7897916666666667,0.46297374,0.785,5.635518550872803
0.4561699,0.7896875,0.46296656,0.785,5.637274980545044
0.45616367,0.7896875,0.46295944,0.785,5.639029026031494
0.45615742,0.7896875,0.46295223,0.785,5.640995740890503
0.45615122,0.7896875,0.4629452,0.785,5.6428186893463135
0.45614502,0.7896875,0.46293804,0.785,5.64458703994751
0.45613888,0.7896875,0.46293086,0.785,5.646397113800049
0.4561327,0.7896875,0.46292374,0.785,5.648212194442749
0.45612645,0.7896875,0.46291667,0.785,5.650014877319336
0.4561203,0.7896875,0.46290955,0.785,5.651771545410156
0.45611414,0.7896875,0.46290237,0.785,5.653594732284546
0.45610794,0.7896875,0.4628952,0.785,5.655405521392822
0.45610178,0.7896875,0.46288803,0.785,5.657219648361206
0.45609564,0.7896875,0.462881,0.785,5.658969163894653
0.45608947,0.7896875,0.4628739,0.785,5.6607348918914795
0.45608333,0.7896875,0.46286678,0.785,5.662483215332031
0.45607716,0.7896875,0.4628596,0.785,5.6642491817474365
0.45607108,0.7896875,0.46285248,0.785,5.666006803512573
0.4560649,0.7896875,0.46284515,0.785,5.667837619781494
0.45605877,0.7896875,0.46283802,0.785,5.669649839401245
0.4560526,0.7896875,0.4628309,0.785,5.671397686004639
0.45604646,0.7896875,0.46282363,0.785,5.673223257064819
0.45604035,0.7896875,0.4628165,0.785,5.6750218868255615
0.45603424,0.7896875,0.46280935,0.785,5.676785230636597
0.45602807,0.7896875,0.4628023,0.785,5.678532361984253
0.456022,0.7896875,0.4627952,0.785,5.680346250534058
0.45601588,0.7896875,0.46278813,0.785,5.682165622711182
0.45600978,0.7896875,0.46278107,0.785,5.683927297592163
0.45600364,0.7896875,0.462774,0.785,5.685679912567139
0.45599756,0.7896875,0.46276698,0.785,5.687494516372681
0.4559915,0.7896875,0.46276,0.785,5.6892523765563965
0.45598537,0.7896875,0.462753,0.785,5.690998315811157
0.45597935,0.7896875,0.46274602,0.785,5.6927642822265625
0.4559732,0.7896875,0.46273896,0.785,5.694521188735962
0.45596716,0.7896875,0.462732,0.785,5.696340322494507
0.4559611,0.7896875,0.46272495,0.785,5.698095321655273
0.4559551,0.7896875,0.46271804,0.785,5.69991135597229
0.455949,0.7896875,0.46271113,0.785,5.701666593551636
0.455943,0.7896875,0.46270412,0.785,5.703484773635864
0.45593688,0.7896875,0.46269724,0.785,5.705230712890625
0.4559309,0.7896875,0.46269026,0.785,5.7070372104644775
0.4559249,0.7896875,0.4626834,0.785,5.708799362182617
0.45591882,0.7896875,0.4626765,0.785,5.710610389709473
0.45591283,0.7895833333333333,0.46266964,0.785,5.712427854537964
0.45590684,0.7895833333333333,0.4626627,0.785,5.714175462722778
0.4559008,0.7895833333333333,0.46265578,0.785,5.715928077697754
0.45589483,0.7895833333333333,0.46264893,0.785,5.717678785324097
0.45588878,0.7895833333333333,0.46264207,0.785,5.719434022903442
0.45588276,0.7895833333333333,0.46263525,0.785,5.721240282058716
0.45587686,0.7895833333333333,0.46262836,0.785,5.723033428192139
0.4558708,0.7895833333333333,0.46262145,0.785,5.72485876083374
0.45586488,0.7895833333333333,0.4626147,0.785,5.726670742034912
0.45585886,0.7895833333333333,0.46260777,0.785,5.728480815887451
0.45585293,0.7895833333333333,0.46260086,0.785,5.730294942855835
0.4558469,0.7895833333333333,0.46259394,0.785,5.732109308242798
0.45584098,0.7895833333333333,0.4625871,0.785,5.733858823776245
0.455835,0.7895833333333333,0.4625802,0.785,5.7356178760528564
0.45582902,0.7895833333333333,0.46257323,0.785,5.737370491027832
0.45582306,0.7895833333333333,0.46256644,0.785,5.739133596420288
0.45581716,0.7895833333333333,0.46255955,0.7854166666666667,5.740912199020386
0.45581114,0.7896875,0.4625527,0.7854166666666667,5.742667198181152
0.4558052,0.7896875,0.46254593,0.7854166666666667,5.744491815567017
0.45579925,0.7896875,0.46253908,0.7854166666666667,5.74630331993103
0.4557934,0.7896875,0.46253234,0.7854166666666667,5.748060703277588
0.45578745,0.7896875,0.46252564,0.7854166666666667,5.74988317489624
0.45578155,0.7896875,0.46251893,0.7854166666666667,5.751703262329102
0.45577562,0.7896875,0.4625122,0.7854166666666667,5.753499269485474
0.45576972,0.7896875,0.46250543,0.7854166666666667,5.7552430629730225
0.45576382,0.7896875,0.46249866,0.7854166666666667,5.757014274597168
0.45575792,0.7896875,0.46249196,0.7854166666666667,5.7587730884552
0.45575202,0.7896875,0.4624852,0.7854166666666667,5.760534048080444
0.4557461,0.7896875,0.46247858,0.7854166666666667,5.762284517288208
0.45574024,0.7897916666666667,0.4624718,0.7854166666666667,5.764053583145142
0.45573434,0.7897916666666667,0.46246505,0.7854166666666667,5.7658069133758545
0.45572856,0.7897916666666667,0.46245834,0.7854166666666667,5.76757550239563
0.45572266,0.7897916666666667,0.4624515,0.7854166666666667,5.769386291503906
0.45571676,0.7897916666666667,0.4624446,0.7854166666666667,5.771189451217651
0.45571095,0.7897916666666667,0.46243784,0.7854166666666667,5.772953510284424
0.45570505,0.7897916666666667,0.46243104,0.7854166666666667,5.774700164794922
0.45569927,0.7897916666666667,0.46242416,0.7854166666666667,5.7765161991119385
0.45569342,0.7897916666666667,0.4624174,0.7854166666666667,5.77827525138855
0.45568755,0.7897916666666667,0.46241063,0.7854166666666667,5.78009033203125
0.4556817,0.7897916666666667,0.46240392,0.7854166666666667,5.781853199005127
0.45567596,0.7897916666666667,0.4623971,0.7854166666666667,5.783681154251099
0.45567006,0.7897916666666667,0.4623904,0.7854166666666667,5.785427808761597
0.45566422,0.7898958333333334,0.4623837,0.7854166666666667,5.787181615829468
0.4556584,0.7898958333333334,0.46237695,0.7854166666666667,5.789001703262329
0.45565262,0.7898958333333334,0.46237037,0.7854166666666667,5.790746212005615
0.45564678,0.7898958333333334,0.4623637,0.7854166666666667,5.792503833770752
0.45564103,0.7898958333333334,0.46235698,0.7854166666666667,5.7942588329315186
0.45563528,0.7898958333333334,0.4623503,0.7854166666666667,5.796039342880249
0.45562947,0.7898958333333334,0.46234384,0.7854166666666667,5.797785997390747
0.45562372,0.7898958333333334,0.4623372,0.7854166666666667,5.799607038497925
0.45561793,0.7898958333333334,0.4623308,0.7854166666666667,5.801407814025879
0.45561212,0.7898958333333334,0.46232432,0.7854166666666667,5.803166389465332
0.45560637,0.7898958333333334,0.46231785,0.7854166666666667,5.804926872253418
0.45560065,0.7898958333333334,0.46231136,0.7854166666666667,5.806681871414185
0.45559484,0.7898958333333334,0.4623049,0.7854166666666667,5.808448314666748
0.4555891,0.7898958333333334,0.4622984,0.7854166666666667,5.810222148895264
0.4555834,0.7898958333333334,0.462292,0.7854166666666667,5.812049150466919
0.45557758,0.7898958333333334,0.46228537,0.7854166666666667,5.813810110092163
0.45557186,0.79,0.46227875,0.7854166666666667,5.815631151199341
0.4555661,0.79,0.46227214,0.7854166666666667,5.817382574081421
0.45556036,0.79,0.46226558,0.7854166666666667,5.819133043289185
0.4555546,0.79,0.46225896,0.7854166666666667,5.820892095565796
0.45554885,0.79,0.4622525,0.7854166666666667,5.822698354721069
0.45554322,0.79,0.4622458,0.7854166666666667,5.824464321136475
0.4555374,0.79,0.46223918,0.7854166666666667,5.826219320297241
0.45553172,0.79,0.4622325,0.7854166666666667,5.8279900550842285
0.45552602,0.79,0.46222594,0.7854166666666667,5.829745292663574
0.45552033,0.79,0.46221933,0.7854166666666667,5.831500291824341
0.45551458,0.79,0.46221274,0.7854166666666667,5.8332579135894775
0.4555089,0.79,0.4622062,0.7854166666666667,5.835018873214722
0.45550314,0.79,0.46219972,0.7854166666666667,5.836775302886963
0.45549747,0.79,0.46219313,0.7854166666666667,5.838595867156982
0.45549175,0.79,0.46218663,0.7854166666666667,5.840415000915527
0.4554861,0.79,0.46218008,0.7854166666666667,5.842178583145142
0.4554804,0.79,0.4621736,0.7854166666666667,5.844007730484009
0.45547476,0.79,0.4621671,0.7854166666666667,5.8458192348480225
0.45546904,0.79,0.4621607,0.7854166666666667,5.847632646560669
0.45546347,0.79,0.46215418,0.7854166666666667,5.8494439125061035
0.45545772,0.79,0.46214762,0.7854166666666667,5.851251125335693
0.45545202,0.79,0.46214113,0.7854166666666667,5.853018522262573
0.45544642,0.7901041666666667,0.4621346,0.7854166666666667,5.8547682762146
0.4554408,0.7901041666666667,0.46212813,0.7854166666666667,5.85653829574585
0.45543513,0.7901041666666667,0.46212173,0.7854166666666667,5.858347654342651
0.4554295,0.7901041666666667,0.4621153,0.7854166666666667,5.860121726989746
0.45542383,0.7901041666666667,0.46210882,0.7854166666666667,5.861933708190918
0.4554182,0.7901041666666667,0.4621024,0.7854166666666667,5.863743782043457
0.45541254,0.7901041666666667,0.46209595,0.7854166666666667,5.86550235748291
0.45540696,0.7901041666666667,0.46208954,0.7854166666666667,5.867314100265503
0.45540136,0.7901041666666667,0.46208313,0.7854166666666667,5.8690783977508545
0.4553957,0.7901041666666667,0.46207672,0.7854166666666667,5.870883464813232
0.45539013,0.7901041666666667,0.46207026,0.7854166666666667,5.872698545455933
0.45538446,0.7901041666666667,0.4620639,0.7854166666666667,5.874507904052734
0.4553789,0.7901041666666667,0.4620575,0.7854166666666667,5.876272916793823
0.4553733,0.7901041666666667,0.46205118,0.7854166666666667,5.878026723861694
0.45536768,0.7901041666666667,0.46204478,0.7854166666666667,5.879780292510986
0.45536214,0.7901041666666667,0.46203843,0.7854166666666667,5.881596088409424
0.45535654,0.7901041666666667,0.46203205,0.7854166666666667,5.883344650268555
0.455351,0.7901041666666667,0.46202564,0.7854166666666667,5.885159015655518
0.45534536,0.7901041666666667,0.46201965,0.785,5.886916637420654
0.45533982,0.7901041666666667,0.4620136,0.785,5.888678550720215
0.45533422,0.7901041666666667,0.46200743,0.785,5.8904924392700195
0.45532867,0.7901041666666667,0.4620013,0.785,5.8922507762908936
0.45532313,0.7901041666666667,0.46199524,0.785,5.894002914428711
0.4553176,0.7901041666666667,0.461989,0.785,5.895767450332642
0.45531195,0.7901041666666667,0.46198267,0.785,5.897574186325073
0.4553064,0.7901041666666667,0.46197653,0.785,5.899389028549194
0.4553009,0.7901041666666667,0.4619702,0.785,5.9012229442596436
0.45529535,0.7901041666666667,0.461964,0.785,5.9030375480651855
0.45528975,0.7901041666666667,0.46195775,0.785,5.904811143875122
0.45528418,0.7901041666666667,0.46195155,0.785,5.9065635204315186
0.45527866,0.7901041666666667,0.46194524,0.785,5.9083874225616455
0.45527318,0.7901041666666667,0.46193904,0.785,5.910146713256836
0.45526764,0.7901041666666667,0.46193284,0.785,5.9119062423706055
0.4552621,0.7901041666666667,0.46192658,0.785,5.913675308227539
0.45525655,0.7901041666666667,0.46192038,0.785,5.91544246673584
0.4552511,0.7901041666666667,0.46191406,0.785,5.917259931564331
0.45524555,0.7901041666666667,0.46190774,0.785,5.919014930725098
0.45524007,0.7901041666666667,0.46190146,0.785,5.920838117599487
0.45523453,0.7901041666666667,0.4618952,0.785,5.922584772109985
0.45522904,0.7901041666666667,0.46188882,0.785,5.924352645874023
0.4552236,0.7901041666666667,0.46188253,0.785,5.926158905029297
0.45521805,0.7901041666666667,0.46187627,0.785,5.927920341491699
0.45521256,0.7901041666666667,0.46186996,0.785,5.929680824279785
0.45520705,0.7901041666666667,0.4618637,0.785,5.931440830230713
0.45520163,0.7901041666666667,0.4618575,0.785,5.933191537857056
0.45519608,0.7901041666666667,0.46185124,0.785,5.934943914413452
0.45519057,0.7901041666666667,0.46184498,0.785,5.936772108078003
0.45518515,0.7901041666666667,0.46183872,0.785,5.938543319702148
0.4551797,0.7901041666666667,0.46183258,0.785,5.9403674602508545
0.45517427,0.7901041666666667,0.46182632,0.785,5.942128896713257
0.4551688,0.7901041666666667,0.46182007,0.785,5.943951368331909
0.45516336,0.7901041666666667,0.46181387,0.785,5.945707321166992
0.45515788,0.7901041666666667,0.46180776,0.785,5.947472095489502
0.45515242,0.7901041666666667,0.46180156,0.785,5.9492347240448
0.455147,0.7901041666666667,0.4617953,0.785,5.951044321060181
0.4551416,0.7901041666666667,0.4617891,0.785,5.9528584480285645
0.45513615,0.7901041666666667,0.46178278,0.785,5.954675674438477
0.45513073,0.7901041666666667,0.46177658,0.785,5.956448793411255
0.45512533,0.7901041666666667,0.46177033,0.785,5.958211898803711
0.45511988,0.7901041666666667,0.46176413,0.785,5.9600303173065186
0.45511445,0.7901041666666667,0.46175787,0.785,5.961789131164551
0.45510906,0.7901041666666667,0.4617516,0.785,5.963556289672852
0.45510367,0.7901041666666667,0.4617458,0.785,5.965304136276245
0.4550982,0.7901041666666667,0.46173975,0.785,5.967061281204224
0.45509288,0.7901041666666667,0.46173385,0.785,5.9688146114349365
0.45508742,0.7901041666666667,0.46172786,0.785,5.970628499984741
0.455082,0.7901041666666667,0.46172196,0.785,5.972444295883179
0.4550766,0.7901041666666667,0.46171597,0.785,5.974205732345581
0.4550712,0.7901041666666667,0.4617099,0.785,5.975968837738037
0.45506582,0.7901041666666667,0.46170396,0.785,5.9777233600616455
0.45506042,0.7901041666666667,0.4616979,0.785,5.979490518569946
0.45505503,0.7901041666666667,0.46169186,0.785,5.981299638748169
0.45504963,0.7901041666666667,0.46168578,0.785,5.983105421066284
0.45504424,0.7901041666666667,0.4616798,0.785,5.984917879104614
0.4550389,0.7901041666666667,0.46167365,0.785,5.9867262840271
0.45503357,0.7901041666666667,0.46166742,0.7854166666666667,5.988544702529907
0.45502818,0.7901041666666667,0.46166137,0.7854166666666667,5.99029278755188
0.45502278,0.7901041666666667,0.46165526,0.7854166666666667,5.992058038711548
0.4550174,0.7901041666666667,0.46164918,0.7854166666666667,5.993807554244995
0.4550121,0.7901041666666667,0.461643,0.7854166666666667,5.995635986328125
0.45500672,0.7901041666666667,0.4616369,0.7854166666666667,5.997396230697632
0.45500138,0.7901041666666667,0.46163076,0.7854166666666667,5.999143362045288
0.45499593,0.7901041666666667,0.46162486,0.7854166666666667,6.000904083251953
0.45499068,0.7901041666666667,0.4616189,0.7854166666666667,6.002712249755859
0.45498535,0.7901041666666667,0.46161297,0.7854166666666667,6.004482746124268
0.45498008,0.7901041666666667,0.46160695,0.7854166666666667,6.006237506866455
0.45497477,0.7901041666666667,0.46160096,0.7854166666666667,6.007986068725586
0.45496938,0.7901041666666667,0.461595,0.7854166666666667,6.0097901821136475
0.45496404,0.7901041666666667,0.461589,0.7854166666666667,6.0116047859191895
0.45495874,0.7901041666666667,0.46158305,0.7854166666666667,6.0134499073028564
0.4549534,0.7901041666666667,0.461577,0.7854166666666667,6.015214443206787
0.45494816,0.7901041666666667,0.4615711,0.7854166666666667,6.016978740692139
0.45494282,0.7901041666666667,0.4615651,0.7854166666666667,6.018725633621216
0.45493755,0.7901041666666667,0.46155903,0.7854166666666667,6.020553827285767
0.4549323,0.7901041666666667,0.46155313,0.7854166666666667,6.022303104400635
0.45492697,0.7901041666666667,0.46154708,0.7854166666666667,6.024066209793091
0.45492166,0.7901041666666667,0.46154118,0.7854166666666667,6.025824785232544
0.4549164,0.7901041666666667,0.46153513,0.7854166666666667,6.0275890827178955
0.45491114,0.7901041666666667,0.46152914,0.7854166666666667,6.02933931350708
0.4549059,0.7901041666666667,0.46152323,0.7854166666666667,6.031082630157471
0.45490062,0.7901041666666667,0.46151724,0.7854166666666667,6.032901287078857
0.45489532,0.7901041666666667,0.46151134,0.7854166666666667,6.034662961959839
0.45489013,0.7901041666666667,0.46150532,0.7854166666666667,6.036428451538086
0.45488486,0.7901041666666667,0.46149933,0.7854166666666667,6.038184404373169
0.45487955,0.7901041666666667,0.4614933,0.7854166666666667,6.03995943069458
0.4548743,0.7901041666666667,0.46148738,0.7854166666666667,6.041716575622559
0.45486912,0.7901041666666667,0.46148142,0.7854166666666667,6.043537378311157
0.4548639,0.7901041666666667,0.46147552,0.7854166666666667,6.045285940170288
0.45485866,0.7901041666666667,0.46146956,0.7854166666666667,6.047106742858887
0.45485342,0.7901041666666667,0.46146357,0.7854166666666667,6.048936367034912
0.45484823,0.7901041666666667,0.4614576,0.7854166666666667,6.050743103027344
0.45484298,0.7901041666666667,0.4614519,0.7854166666666667,6.0525126457214355
0.45483774,0.7901041666666667,0.461446,0.7854166666666667,6.054260492324829
0.45483255,0.7901041666666667,0.46144018,0.7854166666666667,6.056018829345703
0.4548273,0.7901041666666667,0.46143427,0.7854166666666667,6.057831048965454
0.45482212,0.7901041666666667,0.46142846,0.7854166666666667,6.059597492218018
0.45481694,0.7901041666666667,0.46142268,0.7854166666666667,6.061351776123047
0.45481175,0.7901041666666667,0.46141678,0.7854166666666667,6.063167095184326
0.4548065,0.7902083333333333,0.46141103,0.7854166666666667,6.064990758895874
0.45480138,0.7902083333333333,0.46140525,0.7854166666666667,6.066798686981201
0.45479614,0.7902083333333333,0.46139944,0.7854166666666667,6.06856107711792
0.4547911,0.7902083333333333,0.46139368,0.7854166666666667,6.070317983627319
0.4547859,0.7902083333333333,0.46138784,0.7854166666666667,6.072126388549805
0.45478073,0.7902083333333333,0.4613821,0.7854166666666667,6.073934078216553
0.4547756,0.7902083333333333,0.46137625,0.7854166666666667,6.075698614120483
0.45477042,0.7902083333333333,0.4613703,0.7854166666666667,6.077504396438599
0.45476523,0.7902083333333333,0.4613644,0.7854166666666667,6.0793092250823975
0.45476013,0.7902083333333333,0.4613585,0.7854166666666667,6.081125020980835
0.4547549,0.7902083333333333,0.46135265,0.7854166666666667,6.08293080329895
0.4547497,0.7902083333333333,0.46134683,0.7854166666666667,6.084705114364624
0.4547446,0.7902083333333333,0.46134108,0.7854166666666667,6.086467981338501
0.45473954,0.7902083333333333,0.4613353,0.7854166666666667,6.0882248878479
0.45473439,0.7902083333333333,0.46132955,0.7854166666666667,6.089980125427246
0.45472926,0.7902083333333333,0.46132392,0.7854166666666667,6.0917534828186035
0.45472416,0.7902083333333333,0.46131817,0.7854166666666667,6.093503952026367
0.45471904,0.7902083333333333,0.46131247,0.7854166666666667,6.095250606536865
0.4547139,0.7902083333333333,0.46130666,0.7854166666666667,6.097005605697632
0.45470887,0.7902083333333333,0.46130106,0.7854166666666667,6.098817825317383
0.45470372,0.7902083333333333,0.46129552,0.7854166666666667,6.100632905960083
0.45469865,0.7902083333333333,0.46129003,0.7854166666666667,6.102389097213745
0.45469356,0.7902083333333333,0.46128455,0.7854166666666667,6.1041412353515625
0.45468858,0.7902083333333333,0.46127883,0.7854166666666667,6.105891466140747
0.45468342,0.7902083333333333,0.46127325,0.7854166666666667,6.1076905727386475
0.4546784,0.7902083333333333,0.46126756,0.7854166666666667,6.109464645385742
0.45467326,0.7902083333333333,0.4612619,0.7854166666666667,6.1112775802612305
0.45466822,0.7902083333333333,0.46125612,0.7854166666666667,6.113088607788086
0.45466313,0.7902083333333333,0.4612505,0.7854166666666667,6.114849090576172
0.4546581,0.7902083333333333,0.46124485,0.7854166666666667,6.11662220954895
0.45465302,0.7902083333333333,0.46123922,0.7854166666666667,6.118371248245239
0.45464802,0.7902083333333333,0.4612336,0.7854166666666667,6.1201863288879395
0.45464295,0.7902083333333333,0.46122792,0.7854166666666667,6.121999979019165
0.4546379,0.7902083333333333,0.4612223,0.7854166666666667,6.123763084411621
0.45463294,0.7902083333333333,0.46121663,0.7854166666666667,6.125581502914429
0.45462793,0.7902083333333333,0.46121094,0.7854166666666667,6.127419710159302
0.4546229,0.7902083333333333,0.4612053,0.7854166666666667,6.129230260848999
0.45461786,0.7902083333333333,0.46119964,0.7854166666666667,6.130985498428345
0.45461288,0.7902083333333333,0.46119404,0.7854166666666667,6.132748365402222
0.4546079,0.7902083333333333,0.46118826,0.7854166666666667,6.134561061859131
0.45460287,0.7902083333333333,0.4611826,0.7854166666666667,6.136320114135742
0.4545979,0.7902083333333333,0.46117696,0.7854166666666667,6.1380698680877686
0.45459285,0.7902083333333333,0.46117127,0.7854166666666667,6.139891624450684
0.45458785,0.7902083333333333,0.46116567,0.7854166666666667,6.141706943511963
0.45458287,0.7902083333333333,0.46115997,0.7854166666666667,6.143484354019165
0.45457783,0.7902083333333333,0.46115443,0.7854166666666667,6.145232439041138
0.45457292,0.7902083333333333,0.46114877,0.7854166666666667,6.146981239318848
0.4545679,0.7902083333333333,0.46114308,0.7854166666666667,6.14873743057251
0.45456293,0.7902083333333333,0.46113738,0.7854166666666667,6.150490999221802
0.454558,0.7902083333333333,0.46113178,0.7854166666666667,6.1522674560546875
0.454553,0.7902083333333333,0.4611261,0.7854166666666667,6.15401816368103
0.4545481,0.7902083333333333,0.4611204,0.7854166666666667,6.155850172042847
0.45454305,0.7902083333333333,0.46111476,0.7854166666666667,6.1576619148254395
0.45453808,0.7902083333333333,0.4611091,0.7854166666666667,6.159475803375244
0.45453313,0.7902083333333333,0.4611034,0.7854166666666667,6.161299705505371
0.45452824,0.7902083333333333,0.46109763,0.7854166666666667,6.163121938705444
0.45452327,0.7902083333333333,0.46109188,0.7854166666666667,6.164891004562378
0.4545183,0.7902083333333333,0.46108612,0.7854166666666667,6.166703462600708
0.45451334,0.7902083333333333,0.46108037,0.7854166666666667,6.168524503707886
0.45450842,0.7902083333333333,0.46107462,0.7854166666666667,6.170282363891602
0.45450342,0.7903125,0.46106878,0.7854166666666667,6.17203688621521
0.45449844,0.7903125,0.46106312,0.7854166666666667,6.173795700073242
0.4544936,0.7903125,0.4610574,0.7854166666666667,6.175606727600098
0.45448866,0.7903125,0.46105167,0.7854166666666667,6.17736554145813
0.4544837,0.7903125,0.46104604,0.7854166666666667,6.179169654846191
0.4544788,0.7903125,0.4610403,0.7854166666666667,6.180925130844116
0.45447394,0.7903125,0.4610345,0.7854166666666667,6.1826746463775635
0.45446894,0.7903125,0.4610289,0.7854166666666667,6.184502124786377
0.45446405,0.7903125,0.46102336,0.7854166666666667,6.186301231384277
0.4544592,0.7903125,0.46101767,0.7854166666666667,6.188108921051025
0.45445424,0.7903125,0.461012,0.7854166666666667,6.189913272857666
0.45444936,0.7903125,0.46100643,0.7854166666666667,6.191733121871948
0.45444444,0.7903125,0.46100083,0.7854166666666667,6.193535089492798
0.4544396,0.7903125,0.4609953,0.7854166666666667,6.195287227630615
0.45443472,0.7903125,0.46098974,0.7854166666666667,6.197062015533447
0.45442984,0.7903125,0.46098408,0.7854166666666667,6.198883771896362
0.4544249,0.7903125,0.46097854,0.7854166666666667,6.200640916824341
0.45442006,0.7903125,0.46097296,0.7854166666666667,6.202411890029907
0.45441517,0.7903125,0.46096724,0.7854166666666667,6.20417594909668
0.45441028,0.7903125,0.4609616,0.785,6.205934524536133
0.45440543,0.7903125,0.46095598,0.785,6.20775580406189
0.45440057,0.7903125,0.46095037,0.785,6.209576606750488
0.4543957,0.7903125,0.46094468,0.785,6.211375951766968
0.45439082,0.7903125,0.46093908,0.785,6.213134527206421
0.454386,0.7903125,0.46093342,0.785,6.214881420135498
0.45438117,0.7903125,0.4609277,0.785,6.216684818267822
0.45437628,0.7903125,0.46092197,0.785,6.218525648117065
0.45437145,0.7903125,0.46091634,0.785,6.220289945602417
0.4543666,0.7903125,0.46091065,0.785,6.222102403640747
0.45436174,0.7903125,0.46090496,0.785,6.223914623260498
0.45435688,0.7903125,0.4608993,0.785,6.225719451904297
0.45435202,0.7903125,0.46089372,0.785,6.227485656738281
0.45434722,0.7904166666666667,0.46088812,0.785,6.229234218597412
0.4543424,0.7904166666666667,0.46088257,0.785,6.230986595153809
0.4543375,0.7904166666666667,0.46087703,0.785,6.232807874679565
0.45433274,0.7904166666666667,0.46087143,0.785,6.234620809555054
0.4543279,0.7904166666666667,0.46086589,0.785,6.236378908157349
0.45432308,0.7904166666666667,0.46086034,0.785,6.238133907318115
0.45431823,0.7904166666666667,0.46085444,0.785,6.239899158477783
0.4543134,0.7904166666666667,0.46084848,0.785,6.2417192459106445
0.45430857,0.7904166666666667,0.46084258,0.7854166666666667,6.243489742279053
0.45430374,0.7905208333333333,0.46083674,0.7854166666666667,6.24524712562561
0.4542989,0.7905208333333333,0.4608309,0.7854166666666667,6.247056722640991
0.45429417,0.7905208333333333,0.46082515,0.7854166666666667,6.2490270137786865
0.45428926,0.7905208333333333,0.46081945,0.7854166666666667,6.250776767730713
0.45428446,0.7905208333333333,0.4608138,0.7854166666666667,6.252540826797485
0.45427963,0.7905208333333333,0.46080822,0.7854166666666667,6.254357576370239
0.45427486,0.7905208333333333,0.46080256,0.7854166666666667,6.2561280727386475
0.45427,0.7905208333333333,0.460797,0.7854166666666667,6.257877588272095
0.45426524,0.7905208333333333,0.46079147,0.7854166666666667,6.259645700454712
0.45426047,0.7905208333333333,0.46078587,0.7854166666666667,6.261456727981567
0.45425573,0.7905208333333333,0.46078032,0.7854166666666667,6.2632691860198975
0.4542509,0.7905208333333333,0.46077475,0.7854166666666667,6.265023946762085
0.4542461,0.7905208333333333,0.4607692,0.7854166666666667,6.266834020614624
0.45424134,0.7905208333333333,0.46076375,0.7854166666666667,6.2686543464660645
0.45423666,0.7905208333333333,0.4607582,0.7854166666666667,6.270469903945923
0.45423183,0.7905208333333333,0.4607526,0.7854166666666667,6.272274971008301
0.4542271,0.7905208333333333,0.46074718,0.7854166666666667,6.2740325927734375
0.45422235,0.7905208333333333,0.46074164,0.7854166666666667,6.275803565979004
0.45421758,0.7905208333333333,0.4607361,0.7854166666666667,6.277567148208618
0.45421284,0.7905208333333333,0.46073058,0.7854166666666667,6.279327630996704
0.45420808,0.7905208333333333,0.4607251,0.7854166666666667,6.28108024597168
0.45420334,0.7905208333333333,0.46071956,0.7854166666666667,6.282893657684326
0.4541986,0.7905208333333333,0.46071416,0.7854166666666667,6.284650564193726
0.4541939,0.7905208333333333,0.4607087,0.7854166666666667,6.286458969116211
0.45418915,0.7905208333333333,0.46070328,0.7854166666666667,6.288269281387329
0.4541844,0.7905208333333333,0.46069774,0.7854166666666667,6.290069580078125
0.45417973,0.7905208333333333,0.46069205,0.7854166666666667,6.291832447052002
0.454175,0.7905208333333333,0.46068645,0.7854166666666667,6.293582916259766
0.45417023,0.7905208333333333,0.4606809,0.7854166666666667,6.295334815979004
0.4541655,0.7905208333333333,0.46067524,0.7854166666666667,6.2970967292785645
0.45416078,0.790625,0.4606696,0.7854166666666667,6.298860549926758
0.45415604,0.790625,0.46066415,0.7854166666666667,6.3006203174591064
0.45415136,0.790625,0.46065858,0.7854166666666667,6.302375078201294
0.45414656,0.790625,0.46065304,0.7854166666666667,6.304126977920532
0.45414189,0.790625,0.46064752,0.7854166666666667,6.3058812618255615
0.4541372,0.790625,0.46064198,0.7854166666666667,6.307649612426758
0.4541325,0.790625,0.46063656,0.7854166666666667,6.309473037719727
0.45412782,0.790625,0.4606312,0.7854166666666667,6.311282634735107
0.45412314,0.790625,0.46062592,0.7854166666666667,6.3131020069122314
0.4541185,0.790625,0.46062073,0.7854166666666667,6.314911127090454
0.45411378,0.790625,0.46061543,0.7854166666666667,6.316732168197632
0.45410913,0.790625,0.4606102,0.7854166666666667,6.31854248046875
0.45410442,0.790625,0.4606051,0.7854166666666667,6.320314884185791
0.45409983,0.790625,0.46059993,0.7854166666666667,6.322120904922485
0.45409516,0.790625,0.46059474,0.7854166666666667,6.324009656906128
0.45409054,0.790625,0.46058977,0.7854166666666667,6.325830459594727
0.45408586,0.790625,0.4605846,0.7854166666666667,6.327600002288818
0.45408127,0.790625,0.46057943,0.7854166666666667,6.3293538093566895
0.4540766,0.790625,0.46057433,0.7854166666666667,6.331112384796143
0.454072,0.790625,0.46056914,0.7854166666666667,6.332874059677124
0.45406738,0.790625,0.46056402,0.7854166666666667,6.334629058837891
0.4540627,0.790625,0.4605589,0.7854166666666667,6.336456298828125
0.45405808,0.790625,0.46055374,0.7854166666666667,6.3382182121276855
0.4540535,0.790625,0.4605485,0.7854166666666667,6.339977741241455
0.45404893,0.790625,0.46054336,0.7854166666666667,6.341735601425171
0.45404428,0.790625,0.46053824,0.7854166666666667,6.343557834625244
0.4540396,0.790625,0.46053308,0.7854166666666667,6.345371961593628
0.45403504,0.790625,0.46052805,0.7854166666666667,6.34711766242981
0.4540304,0.790625,0.46052307,0.7854166666666667,6.3489320278167725
0.45402583,0.7907291666666667,0.46051803,0.7854166666666667,6.350681304931641
0.45402125,0.7907291666666667,0.46051306,0.7854166666666667,6.352491140365601
0.45401672,0.7907291666666667,0.46050808,0.7854166666666667,6.354297399520874
0.45401204,0.7907291666666667,0.46050298,0.7854166666666667,6.356119394302368
0.45400757,0.7907291666666667,0.4604979,0.7854166666666667,6.357924938201904
0.45400298,0.7907291666666667,0.46049297,0.7854166666666667,6.359689950942993
0.45399836,0.7907291666666667,0.46048778,0.7854166666666667,6.361448287963867
0.4539938,0.7907291666666667,0.46048263,0.7854166666666667,6.363254547119141
0.45398927,0.7907291666666667,0.46047756,0.7854166666666667,6.3650126457214355
0.45398468,0.7907291666666667,0.46047238,0.7854166666666667,6.3668200969696045
0.4539801,0.7907291666666667,0.46046722,0.7854166666666667,6.368625164031982
0.4539756,0.7907291666666667,0.46046218,0.7854166666666667,6.370373249053955
0.45397094,0.7907291666666667,0.46045712,0.7854166666666667,6.372128009796143
0.45396647,0.7907291666666667,0.46045196,0.7854166666666667,6.373887300491333
0.45396194,0.7907291666666667,0.46044677,0.7854166666666667,6.375704526901245
0.4539574,0.7907291666666667,0.46044168,0.7854166666666667,6.377512454986572
0.45395285,0.7907291666666667,0.4604365,0.7854166666666667,6.379304885864258
0.45394838,0.7907291666666667,0.46043137,0.7854166666666667,6.381071329116821
0.45394373,0.7907291666666667,0.46042618,0.7854166666666667,6.382875204086304
0.4539392,0.7907291666666667,0.46042094,0.7854166666666667,6.384648084640503
0.45393467,0.7907291666666667,0.4604158,0.7854166666666667,6.3864006996154785
0.4539302,0.7908333333333334,0.46041048,0.7854166666666667,6.388162136077881
0.45392567,0.7908333333333334,0.46040532,0.7854166666666667,6.389910459518433
0.45392114,0.7909375,0.46040013,0.7854166666666667,6.3917295932769775
0.45391664,0.7909375,0.460395,0.7854166666666667,6.393543243408203
0.4539121,0.7909375,0.46038976,0.7854166666666667,6.395349979400635
0.4539076,0.7909375,0.46038464,0.7854166666666667,6.397110223770142
0.4539031,0.7909375,0.46037942,0.7854166666666667,6.398922443389893
0.45389858,0.7909375,0.46037465,0.7854166666666667,6.400736331939697
0.4538941,0.7909375,0.4603697,0.7854166666666667,6.402498960494995
0.45388958,0.7909375,0.46036473,0.7854166666666667,6.404259204864502
0.45388505,0.7909375,0.4603599,0.7854166666666667,6.4060657024383545
0.45388058,0.7909375,0.46035486,0.7854166666666667,6.407825708389282
0.45387605,0.7909375,0.46034995,0.7854166666666667,6.40958571434021
0.45387152,0.7909375,0.4603449,0.7854166666666667,6.411388635635376
0.45386708,0.7909375,0.46034002,0.7854166666666667,6.413151502609253
0.45386252,0.7909375,0.460335,0.7854166666666667,6.4149510860443115
0.453858,0.7909375,0.46033004,0.7854166666666667,6.416712045669556
0.4538536,0.7909375,0.460325,0.7854166666666667,6.418470144271851
0.45384914,0.7909375,0.4603201,0.7854166666666667,6.420261383056641
0.45384467,0.7909375,0.460315,0.7854166666666667,6.42203164100647
0.45384008,0.7909375,0.4603101,0.7854166666666667,6.4238574504852295
0.4538357,0.7909375,0.46030498,0.7854166666666667,6.425663709640503
0.45383117,0.7909375,0.46030003,0.7854166666666667,6.427425861358643
0.4538267,0.7909375,0.460295,0.7854166666666667,6.429178714752197
0.45382228,0.7909375,0.46029007,0.7854166666666667,6.430939674377441
0.45381784,0.7909375,0.4602852,0.7854166666666667,6.432696342468262
0.45381337,0.7909375,0.4602803,0.7854166666666667,6.434500694274902
0.4538089,0.7909375,0.46027547,0.7854166666666667,6.4363157749176025
0.45380452,0.7909375,0.46027058,0.7854166666666667,6.438072681427002
0.4538,0.7909375,0.46026567,0.7854166666666667,6.4398980140686035
0.45379558,0.7909375,0.46026084,0.7854166666666667,6.441653251647949
0.45379114,0.7909375,0.4602559,0.7854166666666667,6.443466901779175
0.45378676,0.7909375,0.460251,0.7854166666666667,6.445237398147583
0.4537823,0.7909375,0.46024626,0.7854166666666667,6.446983098983765
0.45377788,0.7909375,0.4602415,0.7854166666666667,6.448742866516113
0.45377344,0.7909375,0.46023667,0.7854166666666667,6.4505040645599365
0.45376903,0.7909375,0.46023172,0.7854166666666667,6.452255964279175
0.45376465,0.7909375,0.46022695,0.7854166666666667,6.454016208648682
0.45376024,0.7909375,0.46022207,0.7854166666666667,6.455775022506714
0.4537558,0.7909375,0.46021724,0.7854166666666667,6.457526922225952
0.45375142,0.7909375,0.4602123,0.7854166666666667,6.45928955078125
0.453747,0.7909375,0.46020752,0.7854166666666667,6.4610981941223145
0.45374262,0.7909375,0.46020278,0.7854166666666667,6.462913990020752
0.4537382,0.7909375,0.46019804,0.7854166666666667,6.464733600616455
0.45373383,0.7909375,0.46019328,0.7854166666666667,6.466485977172852
0.45372945,0.7909375,0.4601885,0.7854166666666667,6.468403339385986
0.45372504,0.7909375,0.46018377,0.7854166666666667,6.470149993896484
0.4537207,0.7909375,0.46017897,0.7854166666666667,6.471965312957764
0.45371634,0.7909375,0.46017414,0.7854166666666667,6.473711729049683
0.45371196,0.7909375,0.46016932,0.7854166666666667,6.475473880767822
0.45370752,0.7909375,0.46016458,0.7854166666666667,6.477222919464111
0.4537032,0.7909375,0.46015975,0.7854166666666667,6.478978157043457
0.45369887,0.7909375,0.46015498,0.7854166666666667,6.480740785598755
0.4536944,0.7909375,0.4601501,0.7854166666666667,6.482494592666626
0.45369008,0.7909375,0.46014532,0.7854166666666667,6.4842565059661865
0.4536857,0.7909375,0.4601405,0.7854166666666667,6.486069440841675
0.45368138,0.7909375,0.46013564,0.7854166666666667,6.487901449203491
0.45367706,0.7909375,0.46013087,0.7854166666666667,6.489721775054932
0.45367268,0.7909375,0.46012604,0.7854166666666667,6.491488218307495
0.45366836,0.7909375,0.4601212,0.7854166666666667,6.493305683135986
0.453664,0.7909375,0.4601164,0.7854166666666667,6.4950690269470215
0.45365965,0.7909375,0.46011165,0.7854166666666667,6.496876001358032
0.45365533,0.7909375,0.46010676,0.7854166666666667,6.49863862991333
0.453651,0.7909375,0.460102,0.7854166666666667,6.5004119873046875
0.4536467,0.7909375,0.46009713,0.7854166666666667,6.502233505249023
0.45364243,0.7909375,0.46009228,0.7854166666666667,6.504048824310303
0.45363805,0.7909375,0.46008742,0.7854166666666667,6.5058629512786865
0.45363373,0.7909375,0.46008265,0.7854166666666667,6.507675409317017
0.45362934,0.7909375,0.46007782,0.7854166666666667,6.50948691368103
0.45362502,0.7909375,0.46007302,0.7854166666666667,6.51129150390625
0.45362082,0.7909375,0.4600682,0.7854166666666667,6.513049602508545
0.45361644,0.7909375,0.46006334,0.7854166666666667,6.514863014221191
0.45361212,0.7909375,0.4600586,0.7854166666666667,6.5166802406311035
0.45360783,0.7909375,0.46005377,0.7854166666666667,6.518483638763428
0.4536035,0.7909375,0.46004894,0.7854166666666667,6.520250558853149
0.45359915,0.7909375,0.46004394,0.7854166666666667,6.522000789642334
0.45359486,0.7909375,0.4600391,0.7854166666666667,6.5237579345703125
0.4535906,0.7909375,0.46003422,0.7854166666666667,6.5255208015441895
0.45358628,0.7908333333333334,0.4600294,0.7854166666666667,6.527337312698364
0.453582,0.7908333333333334,0.46002448,0.7854166666666667,6.529145240783691
0.45357773,0.7908333333333334,0.46001962,0.7854166666666667,6.530944585800171
0.4535734,0.7908333333333334,0.46001494,0.7854166666666667,6.532769680023193
0.45356914,0.7908333333333334,0.46001026,0.7854166666666667,6.534528017044067
0.4535649,0.7908333333333334,0.4600055,0.7854166666666667,6.53630256652832
0.4535606,0.7908333333333334,0.4600008,0.7854166666666667,6.538110256195068
0.45355636,0.7908333333333334,0.45999604,0.7854166666666667,6.539863586425781
0.4535521,0.7908333333333334,0.45999137,0.7854166666666667,6.541669607162476
0.45354784,0.7908333333333334,0.45998657,0.7854166666666667,6.543420076370239
0.45354348,0.7908333333333334,0.45998174,0.7854166666666667,6.545232772827148
0.45353928,0.7908333333333334,0.45997697,0.7854166666666667,6.547036170959473
0.453535,0.7908333333333334,0.45997217,0.7854166666666667,6.5488526821136475
0.4535308,0.7908333333333334,0.45996734,0.7854166666666667,6.550599575042725
0.45352656,0.7908333333333334,0.45996246,0.7854166666666667,6.552371978759766
0.4535223,0.7908333333333334,0.45995754,0.7854166666666667,6.554182291030884
0.45351806,0.7908333333333334,0.45995265,0.7854166666666667,6.556005001068115
0.45351374,0.7909375,0.45994785,0.7854166666666667,6.557821989059448
0.45350957,0.7909375,0.459943,0.7854166666666667,6.5595927238464355
0.4535053,0.7909375,0.45993814,0.7854166666666667,6.561452865600586
0.45350114,0.7909375,0.4599333,0.7854166666666667,6.563282251358032
0.45349684,0.7909375,0.4599286,0.7854166666666667,6.565057039260864
0.45349264,0.7909375,0.45992392,0.7854166666666667,6.566812515258789
0.45348835,0.7909375,0.45991927,0.7854166666666667,6.568644046783447
0.45348418,0.7908333333333334,0.45991457,0.7854166666666667,6.570401668548584
0.45347998,0.7908333333333334,0.45990992,0.7854166666666667,6.572214365005493
0.45347574,0.7908333333333334,0.45990536,0.7854166666666667,6.573969602584839
0.45347154,0.7908333333333334,0.45990083,0.7854166666666667,6.575730562210083
0.45346737,0.7908333333333334,0.4598963,0.7854166666666667,6.577487945556641
0.4534632,0.7908333333333334,0.45989168,0.7854166666666667,6.5792436599731445
0.45345896,0.7908333333333334,0.45988715,0.7854166666666667,6.581006765365601
0.4534547,0.7908333333333334,0.45988256,0.7854166666666667,6.5828163623809814
0.45345053,0.7908333333333334,0.4598781,0.7854166666666667,6.584572076797485
0.45344636,0.7908333333333334,0.45987356,0.7854166666666667,6.586315155029297
0.45344207,0.7908333333333334,0.45986903,0.7854166666666667,6.588077783584595
0.45343795,0.7908333333333334,0.4598644,0.7854166666666667,6.589894533157349
0.45343378,0.7908333333333334,0.45985967,0.7854166666666667,6.591662168502808
0.45342952,0.7908333333333334,0.459855,0.7854166666666667,6.593420028686523
0.4534254,0.7908333333333334,0.45985022,0.7854166666666667,6.595181703567505
0.45342118,0.7908333333333334,0.45984548,0.7854166666666667,6.596971750259399
0.45341694,0.7908333333333334,0.4598407,0.7854166666666667,6.598739385604858
0.45341277,0.7908333333333334,0.45983583,0.7854166666666667,6.600503921508789
0.4534086,0.7908333333333334,0.4598311,0.7854166666666667,6.602263689041138
0.4534044,0.7908333333333334,0.45982635,0.7854166666666667,6.604024171829224
0.45340016,0.7908333333333334,0.45982158,0.7854166666666667,6.6057844161987305
0.4533961,0.7908333333333334,0.45981678,0.7854166666666667,6.607544660568237
0.45339188,0.7908333333333334,0.45981207,0.7854166666666667,6.609318017959595
0.4533877,0.7908333333333334,0.4598074,0.7854166666666667,6.611140727996826
0.45338348,0.7908333333333334,0.4598025,0.7854166666666667,6.612915754318237
0.4533793,0.7908333333333334,0.45979777,0.7854166666666667,6.614668130874634
0.4533751,0.7908333333333334,0.45979294,0.7854166666666667,6.616490125656128
0.45337096,0.7908333333333334,0.459788,0.7854166666666667,6.6182897090911865
0.45336676,0.7908333333333334,0.4597833,0.7854166666666667,6.62006139755249
0.45336258,0.7908333333333334,0.45977843,0.7854166666666667,6.62182092666626
0.45335835,0.7908333333333334,0.45977366,0.7854166666666667,6.623655796051025
0.45335418,0.7908333333333334,0.45976883,0.7854166666666667,6.6254260540008545
0.45335007,0.7908333333333334,0.45976394,0.7854166666666667,6.627225160598755
0.45334584,0.7908333333333334,0.4597592,0.7854166666666667,6.629040479660034
0.45334166,0.7908333333333334,0.45975435,0.7854166666666667,6.630793571472168
0.45333755,0.7908333333333334,0.45974955,0.7854166666666667,6.632551908493042
0.45333335,0.7908333333333334,0.4597448,0.7854166666666667,6.634300947189331
0.45332918,0.7908333333333334,0.45974004,0.7854166666666667,6.636067152023315
0.45332503,0.7908333333333334,0.45973542,0.7854166666666667,6.6378233432769775
0.45332083,0.7908333333333334,0.45973074,0.7854166666666667,6.639589786529541
0.45331666,0.7908333333333334,0.45972615,0.7854166666666667,6.641356706619263
0.4533125,0.7909375,0.45972162,0.7854166666666667,6.643167972564697
0.4533083,0.7909375,0.459717,0.7854166666666667,6.64509129524231
0.4533042,0.7909375,0.45971242,0.7854166666666667,6.646905422210693
0.45330003,0.7909375,0.4597079,0.7854166666666667,6.648672580718994
0.4532959,0.7909375,0.45970333,0.7854166666666667,6.650421142578125
0.45329177,0.7909375,0.45969868,0.7854166666666667,6.6521782875061035
0.45328766,0.7909375,0.45969418,0.7854166666666667,6.653929233551025
0.4532835,0.7909375,0.4596896,0.7854166666666667,6.655691146850586
0.45327932,0.7909375,0.45968506,0.7854166666666667,6.657513380050659
0.45327523,0.7909375,0.45968047,0.7854166666666667,6.659276485443115
0.4532711,0.7909375,0.459676,0.7854166666666667,6.661048412322998
0.45326692,0.7909375,0.45967162,0.7854166666666667,6.662800550460815
0.45326278,0.7909375,0.45966727,0.7854166666666667,6.6646223068237305
0.45325866,0.7909375,0.45966294,0.7854166666666667,6.666443824768066
0.45325464,0.7909375,0.45965856,0.7854166666666667,6.668253660202026
0.45325047,0.7909375,0.45965412,0.7854166666666667,6.67000937461853
0.45324636,0.7909375,0.4596497,0.7854166666666667,6.6718316078186035
0.4532423,0.7909375,0.45964545,0.7854166666666667,6.67359185218811
0.45323816,0.7909375,0.45964092,0.7854166666666667,6.6753973960876465
0.45323405,0.7909375,0.45963654,0.7854166666666667,6.677166938781738
0.45323,0.7909375,0.45963222,0.7854166666666667,6.678928852081299
0.4532259,0.7910416666666666,0.45962775,0.7854166666666667,6.680688142776489
0.45322183,0.7910416666666666,0.45962337,0.7854166666666667,6.682440996170044
0.45321772,0.7910416666666666,0.45961893,0.7854166666666667,6.684202432632446
0.45321366,0.7911458333333333,0.45961457,0.7854166666666667,6.686006307601929
0.45320958,0.7911458333333333,0.45961013,0.7854166666666667,6.687832832336426
0.45320553,0.7911458333333333,0.45960575,0.7854166666666667,6.689650058746338
0.45320144,0.7911458333333333,0.45960128,0.7854166666666667,6.691404819488525
0.4531974,0.7911458333333333,0.4595969,0.7854166666666667,6.693162202835083
0.45319337,0.7911458333333333,0.45959255,0.7854166666666667,6.694906949996948
0.45318925,0.7911458333333333,0.4595881,0.7854166666666667,6.696659564971924
0.45318517,0.7911458333333333,0.45958373,0.7854166666666667,6.698471784591675
0.45318106,0.7911458333333333,0.45957932,0.7854166666666667,6.7002928256988525
0.4531771,0.7911458333333333,0.45957494,0.7854166666666667,6.702041149139404
0.453173,0.7911458333333333,0.45957053,0.7854166666666667,6.703858852386475
0.453169,0.7911458333333333,0.4595661,0.7854166666666667,6.70561146736145
0.45316494,0.7911458333333333,0.45956197,0.7854166666666667,6.707413673400879
0.45316085,0.7911458333333333,0.45955774,0.7854166666666667,6.709173917770386
0.4531568,0.7911458333333333,0.45955354,0.7854166666666667,6.710922956466675
0.45315272,0.7911458333333333,0.45954937,0.7854166666666667,6.712735652923584
0.4531487,0.7911458333333333,0.45954508,0.7854166666666667,6.714548826217651
0.45314458,0.7911458333333333,0.45954087,0.7854166666666667,6.7163214683532715
0.45314056,0.7911458333333333,0.45953655,0.7854166666666667,6.718070030212402
0.45313653,0.7911458333333333,0.45953223,0.7854166666666667,6.719874858856201
0.45313248,0.7911458333333333,0.45952794,0.7854166666666667,6.721634387969971
0.45312846,0.7911458333333333,0.45952368,0.7854166666666667,6.723386764526367
0.4531244,0.7911458333333333,0.4595194,0.7854166666666667,6.725153923034668
0.45312038,0.7911458333333333,0.45951506,0.7854166666666667,6.72696590423584
0.45311642,0.7911458333333333,0.4595107,0.7854166666666667,6.728783369064331
0.4531124,0.7911458333333333,0.4595064,0.7854166666666667,6.730604410171509
0.4531083,0.7910416666666666,0.45950204,0.7854166666666667,6.732410907745361
0.45310435,0.7910416666666666,0.4594977,0.7854166666666667,6.7341742515563965
0.45310032,0.7910416666666666,0.4594933,0.7854166666666667,6.735940933227539
0.45309627,0.7910416666666666,0.45948872,0.7854166666666667,6.737701177597046
0.4530923,0.7910416666666666,0.45948437,0.7854166666666667,6.739471197128296
0.45308828,0.7910416666666666,0.45947987,0.7854166666666667,6.74122953414917
0.4530842,0.7910416666666666,0.45947546,0.7854166666666667,6.743032455444336
0.45308018,0.7910416666666666,0.45947108,0.7854166666666667,6.744849681854248
0.45307618,0.7910416666666666,0.4594667,0.7854166666666667,6.746608257293701
0.45307216,0.7910416666666666,0.45946223,0.7854166666666667,6.74837327003479
0.45306814,0.7910416666666666,0.4594578,0.7854166666666667,6.750127553939819
0.45306417,0.7910416666666666,0.45945343,0.7854166666666667,6.751892328262329
0.45306015,0.7910416666666666,0.45944884,0.7854166666666667,6.753705263137817
0.45305607,0.7910416666666666,0.45944417,0.7854166666666667,6.755514144897461
0.4530521,0.7910416666666666,0.45943964,0.7854166666666667,6.757315158843994
0.45304805,0.7911458333333333,0.4594351,0.7854166666666667,6.75912070274353
0.4530441,0.7911458333333333,0.45943055,0.7854166666666667,6.760880708694458
0.45304006,0.7911458333333333,0.45942608,0.7854166666666667,6.762692451477051
0.4530361,0.7911458333333333,0.4594216,0.7854166666666667,6.764444351196289
0.45303214,0.7911458333333333,0.45941707,0.7854166666666667,6.7661964893341064
0.453028,0.7910416666666666,0.45941243,0.7854166666666667,6.767951488494873
0.4530241,0.7910416666666666,0.4594079,0.7854166666666667,6.769709825515747
0.45302,0.7910416666666666,0.45940334,0.7854166666666667,6.771536588668823
0.453016,0.7910416666666666,0.4593988,0.7854166666666667,6.773342609405518
0.453012,0.7910416666666666,0.45939422,0.7854166666666667,6.775101900100708
0.45300803,0.7910416666666666,0.4593898,0.7854166666666667,6.776857137680054
0.4530041,0.7910416666666666,0.45938548,0.7854166666666667,6.77860951423645
0.45300004,0.7910416666666666,0.45938104,0.7854166666666667,6.7803637981414795
0.45299608,0.7910416666666666,0.4593767,0.7854166666666667,6.782172441482544
0.45299208,0.7910416666666666,0.4593726,0.7854166666666667,6.78392767906189
0.4529881,0.7910416666666666,0.4593685,0.7854166666666667,6.785734415054321
0.45298412,0.7910416666666666,0.45936432,0.7854166666666667,6.7875587940216064
0.45298013,0.7910416666666666,0.45936015,0.7854166666666667,6.789353847503662
0.45297617,0.7910416666666666,0.45935586,0.7854166666666667,6.791102409362793
0.45297214,0.7910416666666666,0.45935175,0.7854166666666667,6.792861700057983
0.45296824,0.7910416666666666,0.45934755,0.7854166666666667,6.794612646102905
0.45296422,0.7910416666666666,0.45934325,0.7854166666666667,6.796377658843994
0.4529602,0.7910416666666666,0.45933908,0.7854166666666667,6.798128843307495
0.45295623,0.7910416666666666,0.45933488,0.7854166666666667,6.7999489307403564
0.45295227,0.7910416666666666,0.4593306,0.7854166666666667,6.801766395568848
0.4529483,0.7910416666666666,0.4593264,0.7854166666666667,6.803529262542725
0.45294443,0.7910416666666666,0.45932215,0.7854166666666667,6.805282115936279
0.45294043,0.7910416666666666,0.45931792,0.7854166666666667,6.807084798812866
0.45293644,0.7910416666666666,0.45931366,0.7854166666666667,6.808843612670898
0.45293254,0.7910416666666666,0.4593094,0.7854166666666667,6.8106653690338135
0.45292863,0.7910416666666666,0.45930523,0.7854166666666667,6.812426328659058
0.45292464,0.7910416666666666,0.45930105,0.7854166666666667,6.814177751541138
0.45292068,0.7910416666666666,0.45929697,0.7854166666666667,6.815942287445068
0.45291677,0.7910416666666666,0.4592927,0.7854166666666667,6.817751884460449
0.45291284,0.7910416666666666,0.4592886,0.7854166666666667,6.81950569152832
0.45290893,0.7910416666666666,0.45928428,0.7854166666666667,6.821313381195068
0.45290497,0.7910416666666666,0.45928004,0.7854166666666667,6.823120355606079
0.45290107,0.7910416666666666,0.45927572,0.7854166666666667,6.824899911880493
0.45289713,0.7910416666666666,0.4592714,0.7854166666666667,6.82669734954834
0.45289323,0.7910416666666666,0.4592671,0.7854166666666667,6.828468322753906
0.4528893,0.7910416666666666,0.45926285,0.7854166666666667,6.8302202224731445
0.45288533,0.7910416666666666,0.45925853,0.7854166666666667,6.831988573074341
0.45288146,0.7910416666666666,0.45925426,0.7854166666666667,6.83374810218811
0.4528775,0.7910416666666666,0.45924994,0.7854166666666667,6.835576772689819
0.45287365,0.7910416666666666,0.4592457,0.7854166666666667,6.837337017059326
0.45286968,0.7910416666666666,0.4592414,0.7854166666666667,6.839157581329346
0.45286575,0.7910416666666666,0.45923707,0.7854166666666667,6.8409812450408936
0.45286185,0.7910416666666666,0.45923263,0.7854166666666667,6.842732191085815
0.4528579,0.7910416666666666,0.45922825,0.7854166666666667,6.8444983959198
0.45285407,0.7910416666666666,0.45922384,0.7854166666666667,6.846311569213867
0.4528502,0.7910416666666666,0.45921952,0.7854166666666667,6.848073959350586
0.45284626,0.7910416666666666,0.45921504,0.7854166666666667,6.849835395812988
0.4528424,0.7910416666666666,0.45921072,0.7854166666666667,6.851599931716919
0.45283848,0.7910416666666666,0.45920634,0.7854166666666667,6.853409290313721
0.45283464,0.7910416666666666,0.45920202,0.7854166666666667,6.855230093002319
0.4528307,0.7910416666666666,0.45919764,0.7854166666666667,6.857199668884277
0.4528268,0.7910416666666666,0.45919332,0.7854166666666667,6.859013319015503
0.45282298,0.7910416666666666,0.459189,0.7854166666666667,6.860788822174072
0.45281905,0.7910416666666666,0.45918468,0.7854166666666667,6.862541675567627
0.4528152,0.7910416666666666,0.45918036,0.7854166666666667,6.864352226257324
0.45281127,0.7911458333333333,0.45917624,0.7854166666666667,6.866097927093506
0.45280743,0.7911458333333333,0.45917207,0.7854166666666667,6.867863893508911
0.45280355,0.7911458333333333,0.4591679,0.7854166666666667,6.869623899459839
0.45279968,0.7911458333333333,0.45916367,0.7854166666666667,6.871380090713501
0.45279586,0.7911458333333333,0.4591594,0.7854166666666667,6.873200178146362
0.45279196,0.7911458333333333,0.45915517,0.7854166666666667,6.875007629394531
0.45278808,0.7911458333333333,0.4591509,0.7854166666666667,6.876824378967285
0.45278427,0.7911458333333333,0.45914662,0.7854166666666667,6.878634691238403
0.45278046,0.7911458333333333,0.45914236,0.7854166666666667,6.880450963973999
0.45277655,0.7911458333333333,0.45913804,0.7854166666666667,6.882209300994873
0.45277277,0.7911458333333333,0.4591337,0.7854166666666667,6.883981227874756
0.45276892,0.7911458333333333,0.4591294,0.7854166666666667,6.885742425918579
0.45276505,0.7911458333333333,0.45912516,0.7854166666666667,6.887511730194092
0.45276123,0.7911458333333333,0.45912084,0.7854166666666667,6.889253854751587
0.45275736,0.7911458333333333,0.45911667,0.7854166666666667,6.891064167022705
0.4527535,0.7911458333333333,0.45911244,0.7854166666666667,6.8928868770599365
0.4527497,0.7911458333333333,0.45910817,0.7854166666666667,6.894699811935425
0.45274588,0.7911458333333333,0.45910394,0.7854166666666667,6.896466970443726
0.45274207,0.7911458333333333,0.45909977,0.7854166666666667,6.898223876953125
0.4527382,0.7911458333333333,0.45909572,0.7854166666666667,6.899986505508423
0.45273438,0.7911458333333333,0.45909175,0.7854166666666667,6.901737213134766
0.45273057,0.7911458333333333,0.45908764,0.7854166666666667,6.903488397598267
0.45272675,0.7911458333333333,0.45908362,0.7854166666666667,6.905244588851929
0.452723,0.7911458333333333,0.4590796,0.7854166666666667,6.9070515632629395
0.45271918,0.7911458333333333,0.45907557,0.7854166666666667,6.908872842788696
0.4527153,0.7911458333333333,0.45907146,0.7854166666666667,6.910634756088257
0.45271155,0.7911458333333333,0.45906743,0.7854166666666667,6.912459373474121
0.45270774,0.7911458333333333,0.4590634,0.7854166666666667,6.914275407791138
0.45270395,0.7911458333333333,0.45905936,0.7854166666666667,6.916033506393433
0.4527002,0.7911458333333333,0.45905533,0.7854166666666667,6.917792081832886
0.45269638,0.7911458333333333,0.45905125,0.7854166666666667,6.919552803039551
0.45269257,0.7911458333333333,0.4590472,0.7854166666666667,6.921314239501953
0.45268875,0.7910416666666666,0.45904306,0.7854166666666667,6.923075437545776
0.452685,0.7910416666666666,0.4590391,0.7854166666666667,6.92483115196228
0.45268118,0.7910416666666666,0.45903498,0.7854166666666667,6.926574230194092
0.4526774,0.7910416666666666,0.45903087,0.7854166666666667,6.928404331207275
0.45267358,0.7910416666666666,0.45902678,0.7854166666666667,6.930220127105713
0.4526699,0.7910416666666666,0.45902273,0.7854166666666667,6.931985378265381
0.45266607,0.7910416666666666,0.45901862,0.7854166666666667,6.933794021606445
0.45266235,0.7910416666666666,0.45901448,0.7854166666666667,6.935557126998901
0.4526586,0.7910416666666666,0.45901036,0.7854166666666667,6.937313795089722
0.45265478,0.7910416666666666,0.45900625,0.7854166666666667,6.939072132110596
0.45265096,0.7910416666666666,0.45900217,0.7854166666666667,6.940826416015625
0.4526473,0.7910416666666666,0.45899817,0.7854166666666667,6.942592620849609
0.45264348,0.7910416666666666,0.45899415,0.7854166666666667,6.944349050521851
0.45263973,0.7910416666666666,0.45899,0.7854166666666667,6.946101903915405
0.45263594,0.7910416666666666,0.45898595,0.7854166666666667,6.94787073135376
0.4526322,0.7910416666666666,0.45898193,0.7854166666666667,6.949620962142944
0.45262843,0.7910416666666666,0.45897782,0.7854166666666667,6.951369285583496
0.4526247,0.7909375,0.45897385,0.7854166666666667,6.9531331062316895
0.45262095,0.7909375,0.45896968,0.7854166666666667,6.9549572467803955
0.45261723,0.7909375,0.45896566,0.7854166666666667,6.956733465194702
0.45261347,0.7909375,0.45896176,0.7854166666666667,6.958491802215576
0.45260972,0.7908333333333334,0.45895782,0.7854166666666667,6.960263729095459
0.452606,0.7908333333333334,0.45895392,0.7858333333333334,6.962029933929443
0.4526023,0.7908333333333334,0.45895004,0.7858333333333334,6.963789224624634
0.4525985,0.7908333333333334,0.45894614,0.78625,6.965545415878296
0.45259482,0.7908333333333334,0.4589424,0.78625,6.967288255691528
0.4525911,0.7908333333333334,0.45893866,0.78625,6.969114065170288
0.45258734,0.7909375,0.45893493,0.78625,6.970862627029419
0.45258373,0.7909375,0.45893124,0.7866666666666666,6.9726762771606445
0.45258,0.7909375,0.45892736,0.7866666666666666,6.974429368972778
0.45257634,0.7909375,0.45892364,0.7866666666666666,6.976252794265747
0.45257258,0.7909375,0.45891982,0.7866666666666666,6.978055477142334
0.45256892,0.7910416666666666,0.45891598,0.7866666666666666,6.979828596115112
0.4525652,0.7910416666666666,0.45891216,0.7866666666666666,6.981581926345825
0.45256156,0.7910416666666666,0.45890835,0.7866666666666666,6.983341217041016
0.45255783,0.7910416666666666,0.45890447,0.7866666666666666,6.985094308853149
0.45255417,0.7910416666666666,0.4589006,0.7866666666666666,6.9868505001068115
0.45255044,0.7910416666666666,0.45889673,0.7866666666666666,6.988611936569214
0.4525468,0.7910416666666666,0.45889288,0.7866666666666666,6.990433931350708
0.45254308,0.7910416666666666,0.45888892,0.7866666666666666,6.992246627807617
0.4525394,0.7910416666666666,0.4588849,0.7866666666666666,6.993992805480957
0.45253572,0.7910416666666666,0.45888093,0.7866666666666666,6.9958062171936035
0.45253205,0.7910416666666666,0.4588769,0.7866666666666666,6.997559309005737
0.45252833,0.7910416666666666,0.45887297,0.7866666666666666,6.999371528625488
0.45252466,0.7910416666666666,0.45886892,0.7866666666666666,7.001187086105347
0.452521,0.7910416666666666,0.45886496,0.7866666666666666,7.002939462661743
0.4525173,0.7910416666666666,0.45886087,0.7866666666666666,7.004702091217041
0.45251364,0.7910416666666666,0.4588569,0.7866666666666666,7.00650954246521
0.45250997,0.7910416666666666,0.4588529,0.7866666666666666,7.0083301067352295
0.4525063,0.7910416666666666,0.45884892,0.7866666666666666,7.0100932121276855
0.45250264,0.7910416666666666,0.45884496,0.7866666666666666,7.011854887008667
0.45249897,0.7911458333333333,0.45884094,0.7866666666666666,7.013670444488525
0.4524953,0.7911458333333333,0.45883703,0.7866666666666666,7.015439510345459
0.4524916,0.7911458333333333,0.45883307,0.7866666666666666,7.0171895027160645
0.452488,0.7911458333333333,0.45882905,0.7866666666666666,7.019001007080078
0.45248434,0.7911458333333333,0.45882517,0.7866666666666666,7.020816326141357
0.45248067,0.7911458333333333,0.4588212,0.7866666666666666,7.02262020111084
0.452477,0.7911458333333333,0.45881724,0.7866666666666666,7.024434328079224
0.45247328,0.7911458333333333,0.45881328,0.7866666666666666,7.026190280914307
0.45246968,0.7911458333333333,0.45880935,0.7866666666666666,7.027944564819336
0.452466,0.7911458333333333,0.45880538,0.7866666666666666,7.029711008071899
0.4524624,0.7911458333333333,0.45880148,0.7866666666666666,7.031551361083984
0.45245874,0.7911458333333333,0.45879754,0.7866666666666666,7.0333709716796875
0.45245507,0.7910416666666666,0.45879364,0.78625,7.0351786613464355
0.45245144,0.7910416666666666,0.45878968,0.78625,7.036941766738892
0.4524478,0.7910416666666666,0.4587858,0.78625,7.038696527481079
0.45244417,0.7910416666666666,0.45878178,0.78625,7.040456295013428
0.45244053,0.7910416666666666,0.45877782,0.78625,7.042203187942505
0.4524369,0.7910416666666666,0.4587739,0.78625,7.043964624404907
0.45243326,0.7910416666666666,0.45876998,0.78625,7.04571533203125
0.4524296,0.7910416666666666,0.45876598,0.78625,7.047492027282715
0.452426,0.7910416666666666,0.4587621,0.78625,7.049260377883911
0.45242232,0.7910416666666666,0.45875815,0.78625,7.051023483276367
0.45241877,0.7910416666666666,0.4587542,0.78625,7.05278754234314
0.4524151,0.7910416666666666,0.45875025,0.78625,7.054543733596802
0.4524115,0.7910416666666666,0.45874643,0.78625,7.056315898895264
0.4524079,0.7910416666666666,0.4587424,0.78625,7.058075904846191
0.4524043,0.7910416666666666,0.45873865,0.78625,7.059844493865967
0.45240062,0.7910416666666666,0.45873484,0.78625,7.061602354049683
0.452397,0.7910416666666666,0.45873094,0.78625,7.063351631164551
0.45239338,0.7910416666666666,0.45872715,0.78625,7.065130949020386
0.45238978,0.7910416666666666,0.4587233,0.78625,7.066880941390991
0.45238608,0.7910416666666666,0.4587195,0.78625,7.068647384643555
0.45238245,0.7910416666666666,0.45871553,0.78625,7.070394515991211
0.45237884,0.7910416666666666,0.4587117,0.78625,7.072162866592407
0.45237517,0.7910416666666666,0.45870784,0.78625,7.073924541473389
0.45237157,0.7910416666666666,0.45870402,0.78625,7.075749397277832
0.4523679,0.7910416666666666,0.4587001,0.78625,7.0775628089904785
0.4523643,0.7910416666666666,0.45869628,0.78625,7.079322814941406
0.4523607,0.7911458333333333,0.45869243,0.78625,7.08113694190979
0.4523571,0.7911458333333333,0.4586885,0.78625,7.082937717437744
0.45235342,0.7911458333333333,0.45868468,0.78625,7.084691047668457
0.4523499,0.7911458333333333,0.45868078,0.78625,7.086446046829224
0.4523463,0.7911458333333333,0.45867667,0.78625,7.088205099105835
0.45234263,0.7911458333333333,0.4586727,0.78625,7.089953899383545
0.45233902,0.79125,0.45866868,0.78625,7.091771602630615
0.45233545,0.79125,0.45866472,0.78625,7.093531847000122
0.45233175,0.7913541666666667,0.45866063,0.78625,7.095279693603516
0.45232818,0.7913541666666667,0.45865673,0.78625,7.097042560577393
0.45232457,0.7913541666666667,0.45865276,0.78625,7.09885573387146
0.45232096,0.7913541666666667,0.45864877,0.78625,7.100621223449707
0.45231736,0.7914583333333334,0.45864493,0.78625,7.102365255355835
0.45231375,0.7914583333333334,0.4586409,0.78625,7.104181289672852
0.4523101,0.7914583333333334,0.45863703,0.78625,7.1059489250183105
0.45230657,0.7914583333333334,0.45863312,0.78625,7.107782363891602
0.4523029,0.7914583333333334,0.4586292,0.78625,7.109626531600952
0.45229936,0.7914583333333334,0.4586253,0.78625,7.111457586288452
0.45229575,0.7914583333333334,0.45862126,0.78625,7.113227844238281
0.4522921,0.7914583333333334,0.4586174,0.78625,7.115032911300659
0.4522885,0.7914583333333334,0.4586134,0.78625,7.116848945617676
0.4522849,0.7914583333333334,0.45860946,0.78625,7.118605613708496
0.4522813,0.7915625,0.4586056,0.78625,7.120371580123901
0.45227772,0.7915625,0.45860162,0.78625,7.1221747398376465
0.4522741,0.7915625,0.45859772,0.78625,7.123927593231201
0.45227057,0.7915625,0.45859382,0.78625,7.125688076019287
0.452267,0.7915625,0.45858988,0.78625,7.127447605133057
0.45226333,0.7915625,0.458586,0.78625,7.12919807434082
0.45225978,0.7915625,0.4585822,0.78625,7.130955219268799
0.4522562,0.7915625,0.45857823,0.78625,7.132774114608765
0.4522526,0.7915625,0.45857438,0.7866666666666666,7.134577751159668
0.45224905,0.7915625,0.45857057,0.7866666666666666,7.136414527893066
0.45224547,0.7915625,0.45856664,0.7866666666666666,7.138232469558716
0.45224187,0.7916666666666666,0.45856288,0.7866666666666666,7.139991998672485
0.45223832,0.7916666666666666,0.458559,0.7866666666666666,7.1417622566223145
0.45223475,0.7916666666666666,0.4585553,0.7866666666666666,7.143518924713135
0.4522312,0.7916666666666666,0.45855144,0.7866666666666666,7.145324230194092
0.45222762,0.7916666666666666,0.45854762,0.7866666666666666,7.147082328796387
0.45222408,0.7916666666666666,0.4585438,0.7866666666666666,7.148905038833618
0.4522205,0.7916666666666666,0.45854005,0.7866666666666666,7.150720834732056
0.45221695,0.7916666666666666,0.45853627,0.7866666666666666,7.1524882316589355
0.45221344,0.7916666666666666,0.45853245,0.7866666666666666,7.154297351837158
0.4522099,0.7916666666666666,0.4585287,0.7866666666666666,7.156063556671143
0.45220625,0.7916666666666666,0.45852488,0.7866666666666666,7.157877683639526
0.4522027,0.7916666666666666,0.45852113,0.7866666666666666,7.1597044467926025
0.4521992,0.7916666666666666,0.4585174,0.7866666666666666,7.1615283489227295
0.45219558,0.7916666666666666,0.4585136,0.7866666666666666,7.163287878036499
0.45219207,0.7916666666666666,0.45850968,0.7866666666666666,7.165110349655151
0.45218852,0.7916666666666666,0.4585058,0.7866666666666666,7.166924476623535
0.45218495,0.7916666666666666,0.45850205,0.7866666666666666,7.168686628341675
0.45218146,0.7916666666666666,0.45849824,0.7866666666666666,7.17045259475708
0.45217794,0.7916666666666666,0.45849442,0.7866666666666666,7.172211170196533
0.45217437,0.7916666666666666,0.4584906,0.7866666666666666,7.173955917358398
0.45217088,0.7916666666666666,0.45848683,0.7866666666666666,7.175724744796753
0.45216736,0.7916666666666666,0.45848298,0.7866666666666666,7.1774702072143555
0.4521638,0.7916666666666666,0.4584791,0.7866666666666666,7.179219722747803
0.45216024,0.7917708333333333,0.4584753,0.7866666666666666,7.180968523025513
0.45215678,0.7917708333333333,0.45847154,0.7866666666666666,7.182723045349121
0.4521532,0.7917708333333333,0.45846775,0.7866666666666666,7.184478521347046
0.45214966,0.791875,0.458464,0.7866666666666666,7.186229467391968
0.45214608,0.791875,0.45846024,0.7866666666666666,7.1880059242248535
0.45214263,0.791875,0.45845643,0.7866666666666666,7.1897642612457275
0.45213914,0.791875,0.4584527,0.7866666666666666,7.19153094291687
0.45213562,0.791875,0.4584489,0.7866666666666666,7.193283796310425
0.45213205,0.791875,0.45844513,0.7866666666666666,7.195098638534546
0.4521286,0.791875,0.45844123,0.7866666666666666,7.196920394897461
0.4521251,0.791875,0.4584377,0.7866666666666666,7.198683977127075
0.45212147,0.791875,0.45843446,0.7866666666666666,7.200447082519531
0.45211798,0.791875,0.45843115,0.7866666666666666,7.202190160751343
0.45211446,0.7919791666666667,0.45842773,0.7866666666666666,7.203948259353638
0.4521109,0.791875,0.45842442,0.7866666666666666,7.205702066421509
0.4521074,0.7919791666666667,0.45842093,0.7866666666666666,7.207476377487183
0.45210382,0.7919791666666667,0.45841742,0.7866666666666666,7.20928430557251
0.45210028,0.7919791666666667,0.4584138,0.7866666666666666,7.211096286773682
0.4520967,0.7919791666666667,0.45841023,0.7866666666666666,7.21284818649292
0.45209324,0.7919791666666667,0.45840672,0.7866666666666666,7.214596509933472
0.45208964,0.7919791666666667,0.4584031,0.7870833333333334,7.21636700630188
0.45208618,0.7919791666666667,0.45839944,0.7870833333333334,7.2181174755096436
0.45208257,0.7919791666666667,0.45839596,0.7870833333333334,7.219882965087891
0.45207912,0.7919791666666667,0.45839223,0.7870833333333334,7.22164249420166
0.4520756,0.7919791666666667,0.45838857,0.7870833333333334,7.223389148712158
0.45207208,0.7919791666666667,0.45838487,0.7870833333333334,7.225157022476196
0.45206854,0.7919791666666667,0.4583811,0.7870833333333334,7.226975202560425
0.45206496,0.7919791666666667,0.45837742,0.7870833333333334,7.228738069534302
0.45206147,0.7919791666666667,0.4583736,0.7870833333333334,7.230556011199951
0.4520579,0.7919791666666667,0.45837,0.7870833333333334,7.232391595840454
0.45205438,0.7919791666666667,0.45836645,0.7870833333333334,7.234166622161865
0.4520509,0.7919791666666667,0.45836285,0.7870833333333334,7.23592734336853
0.45204744,0.7919791666666667,0.45835927,0.7870833333333334,7.237681150436401
0.45204398,0.7920833333333334,0.45835555,0.7870833333333334,7.2394983768463135
0.4520404,0.7920833333333334,0.4583519,0.7866666666666666,7.241245269775391
0.45203695,0.7920833333333334,0.45834827,0.7866666666666666,7.243009567260742
0.45203343,0.7920833333333334,0.45834467,0.7866666666666666,7.24478006362915
0.4520299,0.7920833333333334,0.458341,0.7866666666666666,7.246605396270752
0.45202652,0.7921875,0.4583377,0.7866666666666666,7.248413801193237
0.4520229,0.7921875,0.45833436,0.7866666666666666,7.25016188621521
0.45201945,0.7921875,0.4583309,0.7866666666666666,7.251975059509277
0.45201594,0.7921875,0.45832753,0.7866666666666666,7.253720760345459
0.4520124,0.7921875,0.45832407,0.7866666666666666,7.255476951599121
0.45200893,0.7921875,0.45832062,0.7866666666666666,7.257295370101929
0.45200542,0.7921875,0.45831722,0.7866666666666666,7.259097337722778
0.4520019,0.7921875,0.4583135,0.7866666666666666,7.260913610458374
0.45199838,0.7921875,0.45830995,0.7866666666666666,7.262664318084717
0.4519949,0.7921875,0.4583063,0.7866666666666666,7.264430999755859
0.45199138,0.7921875,0.45830268,0.7866666666666666,7.266177177429199
0.45198786,0.7921875,0.45829904,0.7866666666666666,7.267927646636963
0.45198435,0.7921875,0.45829538,0.7866666666666666,7.269734621047974
0.4519809,0.7921875,0.45829174,0.7866666666666666,7.271549701690674
0.45197734,0.7921875,0.45828795,0.7866666666666666,7.273301124572754
0.4519739,0.7921875,0.45828426,0.7866666666666666,7.275053262710571
0.45197037,0.7920833333333334,0.45828053,0.7866666666666666,7.276813268661499
0.45196685,0.7920833333333334,0.45827687,0.7866666666666666,7.278637647628784
0.4519634,0.7920833333333334,0.4582731,0.7866666666666666,7.280476093292236
0.45195988,0.7920833333333334,0.45826936,0.7866666666666666,7.282234191894531
0.45195642,0.7920833333333334,0.4582657,0.7866666666666666,7.284038543701172
0.45195293,0.7920833333333334,0.45826194,0.7866666666666666,7.285843849182129
0.45194942,0.7920833333333334,0.45825815,0.7866666666666666,7.28760290145874
0.45194596,0.7920833333333334,0.45825434,0.7866666666666666,7.289356470108032
0.45194253,0.7920833333333334,0.45825064,0.7866666666666666,7.291119813919067
0.45193905,0.7920833333333334,0.45824686,0.7866666666666666,7.292890310287476
0.45193562,0.7920833333333334,0.45824316,0.7866666666666666,7.294705629348755
0.45193213,0.7920833333333334,0.45823944,0.7866666666666666,7.296529531478882
0.45192865,0.7920833333333334,0.45823574,0.7866666666666666,7.298283100128174
0.45192516,0.7920833333333334,0.45823202,0.7866666666666666,7.300058841705322
0.45192173,0.7920833333333334,0.45822826,0.7866666666666666,7.301892042160034
0.45191824,0.7920833333333334,0.4582246,0.7866666666666666,7.303722620010376
0.4519148,0.7920833333333334,0.45822093,0.7866666666666666,7.305483818054199
0.45191136,0.7920833333333334,0.45821726,0.7866666666666666,7.3073554039001465
0.45190784,0.7920833333333334,0.4582136,0.7866666666666666,7.309187650680542
0.45190445,0.7920833333333334,0.45820984,0.7866666666666666,7.311015367507935
0.451901,0.7920833333333334,0.45820624,0.7866666666666666,7.312846660614014
0.45189753,0.7920833333333334,0.4582025,0.7866666666666666,7.314654111862183
0.45189402,0.7920833333333334,0.45819882,0.7866666666666666,7.316437244415283
0.45189062,0.7920833333333334,0.45819518,0.7866666666666666,7.318246364593506
0.45188716,0.7920833333333334,0.4581915,0.7866666666666666,7.320013761520386
0.45188376,0.7920833333333334,0.4581879,0.7866666666666666,7.321778774261475
0.45188028,0.7920833333333334,0.4581842,0.7866666666666666,7.323593616485596
0.45187682,0.7920833333333334,0.45818055,0.7866666666666666,7.325340509414673
0.45187342,0.7920833333333334,0.45817697,0.7866666666666666,7.32714581489563
0.45186996,0.7920833333333334,0.4581733,0.7866666666666666,7.328951358795166
0.4518665,0.7920833333333334,0.4581696,0.7866666666666666,7.330760955810547
0.4518631,0.7920833333333334,0.45816594,0.7866666666666666,7.332578182220459
0.45185968,0.7920833333333334,0.45816213,0.7866666666666666,7.334376573562622
0.45185623,0.7920833333333334,0.4581584,0.7866666666666666,7.3361427783966064
0.45185283,0.7920833333333334,0.4581547,0.7866666666666666,7.337890625
0.4518493,0.7920833333333334,0.4581511,0.7866666666666666,7.339668035507202
0.45184594,0.7920833333333334,0.45814744,0.7866666666666666,7.341425180435181
0.45184255,0.7920833333333334,0.45814383,0.7866666666666666,7.343177556991577
0.45183915,0.7920833333333334,0.4581402,0.7866666666666666,7.344994783401489
0.45183572,0.7920833333333334,0.45813656,0.7866666666666666,7.346755266189575
0.45183232,0.7920833333333334,0.4581329,0.7866666666666666,7.348581314086914
0.45182896,0.7920833333333334,0.45812932,0.7866666666666666,7.3503336906433105
0.45182556,0.7920833333333334,0.45812562,0.7866666666666666,7.352095365524292
0.45182216,0.7920833333333334,0.458122,0.7866666666666666,7.353899717330933
0.45181873,0.7919791666666667,0.45811844,0.7866666666666666,7.355719566345215
0.45181534,0.7919791666666667,0.45811483,0.7866666666666666,7.3575661182403564
0.45181194,0.7919791666666667,0.45811123,0.7866666666666666,7.359381437301636
0.45180857,0.7920833333333334,0.45810756,0.78625,7.361149549484253
0.45180517,0.7920833333333334,0.45810398,0.78625,7.362895727157593
0.45180175,0.7920833333333334,0.45810044,0.78625,7.3647236824035645
0.4517984,0.7920833333333334,0.45809677,0.78625,7.366527557373047
0.45179498,0.7920833333333334,0.4580931,0.78625,7.368302345275879
0.45179158,0.7920833333333334,0.45808956,0.78625,7.370057106018066
0.45178822,0.7920833333333334,0.4580859,0.78625,7.371824502944946
0.45178488,0.7920833333333334,0.45808244,0.78625,7.3735809326171875
0.45178145,0.7920833333333334,0.45807892,0.78625,7.375330448150635
0.45177805,0.7920833333333334,0.45807534,0.78625,7.377090930938721
0.4517747,0.7920833333333334,0.4580719,0.78625,7.3789026737213135
0.45177135,0.7920833333333334,0.45806828,0.78625,7.380720853805542
0.45176798,0.7920833333333334,0.45806476,0.78625,7.382471561431885
0.45176458,0.7920833333333334,0.45806128,0.78625,7.384241819381714
0.45176122,0.7921875,0.4580577,0.78625,7.386002540588379
0.45175788,0.7922916666666666,0.45805418,0.78625,7.387767314910889
0.4517545,0.7922916666666666,0.4580507,0.78625,7.389518976211548
0.45175114,0.7923958333333333,0.45804718,0.78625,7.391268253326416
0.4517478,0.7923958333333333,0.45804358,0.78625,7.3931050300598145
0.45174444,0.7923958333333333,0.45804006,0.78625,7.3948609828948975
0.45174107,0.7923958333333333,0.4580365,0.78625,7.396625757217407
0.45173773,0.7923958333333333,0.45803294,0.78625,7.398430109024048
0.45173436,0.7922916666666666,0.45802933,0.78625,7.400250434875488
0.45173106,0.7922916666666666,0.45802575,0.78625,7.402004241943359
0.4517277,0.7922916666666666,0.4580222,0.78625,7.403815031051636
0.4517243,0.7922916666666666,0.4580187,0.78625,7.4055633544921875
0.45172092,0.7922916666666666,0.45801514,0.78625,7.407373905181885
0.45171764,0.7922916666666666,0.45801154,0.78625,7.409132719039917
0.45171428,0.7922916666666666,0.45800802,0.78625,7.4108827114105225
0.45171103,0.7922916666666666,0.4580045,0.78625,7.412631511688232
0.45170772,0.7922916666666666,0.45800096,0.78625,7.414441347122192
0.4517043,0.7922916666666666,0.45799738,0.78625,7.416241884231567
0.451701,0.7922916666666666,0.45799387,0.78625,7.41804838180542
0.45169765,0.7922916666666666,0.45799032,0.78625,7.4197998046875
0.45169434,0.7922916666666666,0.45798686,0.78625,7.4215497970581055
0.45169097,0.7922916666666666,0.45798326,0.78625,7.423289060592651
0.45168766,0.7922916666666666,0.4579799,0.78625,7.425106763839722
0.45168436,0.7922916666666666,0.45797652,0.78625,7.426917552947998
0.45168105,0.7922916666666666,0.45797312,0.78625,7.428674936294556
0.4516778,0.7922916666666666,0.45796975,0.78625,7.430485963821411
0.4516744,0.7922916666666666,0.45796636,0.78625,7.432301998138428
0.4516711,0.7922916666666666,0.45796305,0.78625,7.434062719345093
0.4516678,0.7922916666666666,0.45795953,0.78625,7.435840129852295
0.45166454,0.7922916666666666,0.45795605,0.78625,7.437616586685181
0.45166123,0.7922916666666666,0.45795262,0.78625,7.439502954483032
0.45165792,0.7922916666666666,0.45794922,0.78625,7.441263437271118
0.4516547,0.7922916666666666,0.45794582,0.78625,7.443023920059204
0.4516513,0.7922916666666666,0.4579423,0.78625,7.444789886474609
0.451648,0.7922916666666666,0.45793885,0.78625,7.446603298187256
0.4516448,0.7922916666666666,0.45793533,0.78625,7.448355674743652
0.45164138,0.7922916666666666,0.45793194,0.78625,7.450112819671631
0.45163813,0.7922916666666666,0.45792848,0.78625,7.451931715011597
0.45163482,0.7922916666666666,0.4579249,0.78625,7.453751564025879
0.45163152,0.7922916666666666,0.45792124,0.78625,7.455509901046753
0.4516282,0.7922916666666666,0.45791772,0.78625,7.457261323928833
0.4516249,0.7922916666666666,0.45791423,0.78625,7.459063768386841
0.45162165,0.7922916666666666,0.45791063,0.78625,7.460826635360718
0.4516184,0.7922916666666666,0.4579071,0.78625,7.462644338607788
0.4516151,0.7922916666666666,0.45790353,0.78625,7.464553594589233
0.4516118,0.7925,0.4579,0.78625,7.4663004875183105
0.45160848,0.7925,0.4578964,0.78625,7.468064069747925
0.4516053,0.7925,0.45789295,0.78625,7.4698145389556885
0.45160192,0.7925,0.45788947,0.78625,7.471580266952515
0.4515986,0.7925,0.4578859,0.78625,7.473402261734009
0.4515954,0.7925,0.45788237,0.78625,7.475152254104614
0.4515921,0.7925,0.4578789,0.78625,7.476907730102539
0.4515888,0.7925,0.4578753,0.78625,7.478722333908081
0.45158553,0.7925,0.45787176,0.78625,7.4804909229278564
0.45158228,0.7925,0.45786834,0.78625,7.482244491577148
0.45157903,0.7925,0.45786494,0.78625,7.484007835388184
0.4515758,0.7925,0.45786154,0.78625,7.485747337341309
0.45157257,0.7925,0.45785812,0.78625,7.4875664710998535
0.45156932,0.7925,0.45785478,0.78625,7.489371061325073
0.45156607,0.7925,0.45785147,0.78625,7.491178750991821
0.45156276,0.7925,0.4578481,0.78625,7.492936134338379
0.4515596,0.7925,0.45784485,0.78625,7.494731903076172
0.4515563,0.7925,0.45784143,0.78625,7.496490716934204
0.45155308,0.7925,0.45783797,0.78625,7.49823784828186
0.45154983,0.7925,0.4578345,0.78625,7.5000550746917725
0.45154658,0.7925,0.4578311,0.78625,7.501857757568359
0.45154333,0.7925,0.45782772,0.78625,7.503614664077759
0.45154008,0.7925,0.4578243,0.78625,7.505362033843994
0.4515368,0.7923958333333333,0.45782095,0.78625,7.5071094036102295
0.45153368,0.7923958333333333,0.4578175,0.78625,7.508937120437622
0.45153037,0.7923958333333333,0.45781404,0.78625,7.51075005531311
0.45152715,0.7923958333333333,0.45781067,0.78625,7.512511968612671
0.45152384,0.7923958333333333,0.4578072,0.78625,7.514262437820435
0.45152068,0.7923958333333333,0.45780382,0.78625,7.5160744190216064
0.45151743,0.7923958333333333,0.45780036,0.78625,7.51789116859436
0.45151418,0.7923958333333333,0.45779693,0.78625,7.519657611846924
0.45151097,0.7923958333333333,0.45779347,0.78625,7.521414518356323
0.45150772,0.7923958333333333,0.45779002,0.78625,7.523210525512695
0.45150447,0.7923958333333333,0.45778656,0.78625,7.524973630905151
0.45150125,0.7923958333333333,0.4577832,0.78625,7.526774883270264
0.45149812,0.7923958333333333,0.4577801,0.78625,7.528591632843018
0.45149484,0.7923958333333333,0.4577769,0.78625,7.530398845672607
0.4514916,0.7923958333333333,0.45777375,0.78625,7.532145977020264
0.45148835,0.7923958333333333,0.45777053,0.78625,7.5339484214782715
0.45148513,0.7923958333333333,0.45776734,0.78625,7.535701513290405
0.45148188,0.7922916666666666,0.45776418,0.78625,7.537505865097046
0.45147863,0.7922916666666666,0.45776087,0.78625,7.539306879043579
0.4514754,0.7922916666666666,0.45775756,0.78625,7.5411152839660645
0.45147216,0.7922916666666666,0.45775425,0.78625,7.542922019958496
0.45146897,0.7922916666666666,0.45775095,0.78625,7.544679164886475
0.45146576,0.7922916666666666,0.45774764,0.78625,7.546435117721558
0.4514625,0.7922916666666666,0.45774433,0.78625,7.548208475112915
0.45145926,0.7922916666666666,0.457741,0.78625,7.550019264221191
0.4514561,0.7922916666666666,0.45773762,0.78625,7.551827669143677
0.45145288,0.7921875,0.4577343,0.78625,7.553581476211548
0.4514497,0.7921875,0.45773092,0.78625,7.555327415466309
0.45144647,0.7921875,0.45772755,0.78625,7.557143449783325
0.45144323,0.7921875,0.45772424,0.78625,7.558903694152832
0.45144004,0.7921875,0.4577209,0.78625,7.560710191726685
0.45143676,0.7921875,0.45771754,0.78625,7.562555313110352
0.45143363,0.7921875,0.45771414,0.78625,7.564378499984741
0.4514304,0.7921875,0.45771083,0.78625,7.566125869750977
0.4514272,0.7921875,0.45770746,0.78625,7.567888021469116
0.451424,0.7921875,0.45770416,0.78625,7.569636583328247
0.45142084,0.7921875,0.45770082,0.78625,7.571391582489014
0.45141765,0.7921875,0.45769754,0.78625,7.573145627975464
0.45141444,0.7921875,0.45769423,0.78625,7.574951887130737
0.45141125,0.7921875,0.4576909,0.78625,7.576757907867432
0.4514081,0.7921875,0.45768753,0.78625,7.578514814376831
0.45140493,0.7921875,0.45768416,0.78625,7.580331325531006
0.4514017,0.7921875,0.45768097,0.78625,7.582086086273193
0.45139858,0.7920833333333334,0.45767766,0.78625,7.58384895324707
0.45139542,0.7920833333333334,0.4576744,0.78625,7.585614919662476
0.4513922,0.7920833333333334,0.45767105,0.78625,7.587370157241821
0.45138904,0.7920833333333334,0.45766774,0.78625,7.589136123657227
0.45138592,0.7921875,0.45766455,0.78625,7.590891599655151
0.45138282,0.7921875,0.45766118,0.78625,7.592714071273804
0.4513796,0.7921875,0.4576578,0.78625,7.594534158706665
0.45137644,0.7921875,0.45765448,0.78625,7.5963134765625
0.45137328,0.7921875,0.4576511,0.78625,7.598127841949463
0.45137015,0.7921875,0.45764786,0.78625,7.599892854690552
0.45136702,0.7921875,0.4576445,0.78625,7.601646661758423
0.4513639,0.7921875,0.45764115,0.78625,7.603399276733398
0.45136073,0.7921875,0.45763788,0.78625,7.605167388916016
0.45135757,0.7921875,0.45763442,0.78625,7.606980562210083
0.4513544,0.7921875,0.45763102,0.78625,7.608803987503052
0.45135123,0.7921875,0.4576277,0.78625,7.610625505447388
0.45134813,0.7921875,0.45762432,0.78625,7.612398147583008
0.451345,0.7921875,0.4576209,0.78625,7.614163875579834
0.45134187,0.7921875,0.45761758,0.78625,7.6159348487854
0.45133865,0.7921875,0.4576144,0.78625,7.617701292037964
0.4513356,0.7921875,0.45761108,0.78625,7.619514465332031
0.45133245,0.7921875,0.45760784,0.78625,7.621318340301514
0.4513294,0.7921875,0.4576046,0.78625,7.6231255531311035
0.45132625,0.7921875,0.4576013,0.78625,7.624950885772705
0.4513231,0.7922916666666666,0.45759812,0.78625,7.626709699630737
0.45132,0.7922916666666666,0.45759487,0.78625,7.628479242324829
0.4513169,0.7922916666666666,0.45759156,0.78625,7.63022780418396
0.45131373,0.7922916666666666,0.4575882,0.78625,7.6319968700408936
0.45131063,0.7922916666666666,0.45758495,0.78625,7.6337480545043945
0.45130754,0.7922916666666666,0.45758164,0.78625,7.635529279708862
0.45130444,0.7922916666666666,0.45757827,0.78625,7.63727593421936
0.4513013,0.7922916666666666,0.45757496,0.78625,7.639028072357178
0.4512982,0.7922916666666666,0.45757163,0.78625,7.640810966491699
0.4512951,0.7922916666666666,0.45756832,0.78625,7.642595291137695
0.45129195,0.7922916666666666,0.457565,0.78625,7.644424915313721
0.4512889,0.7922916666666666,0.45756155,0.78625,7.646238565444946
0.45128572,0.7922916666666666,0.45755824,0.78625,7.647994518280029
0.45128277,0.7922916666666666,0.45755488,0.78625,7.649751901626587
0.4512796,0.7922916666666666,0.45755136,0.78625,7.651505470275879
0.45127645,0.7922916666666666,0.45754796,0.78625,7.653259515762329
0.45127335,0.7922916666666666,0.45754457,0.78625,7.655074834823608
0.45127028,0.7922916666666666,0.45754114,0.78625,7.656892538070679
0.45126715,0.7922916666666666,0.45753774,0.78625,7.658640146255493
0.45126408,0.7922916666666666,0.45753437,0.78625,7.660410404205322
0.45126104,0.7922916666666666,0.45753098,0.78625,7.662212371826172
0.45125794,0.7922916666666666,0.4575276,0.78625,7.6639723777771
0.45125484,0.7922916666666666,0.45752427,0.78625,7.665725469589233
0.45125172,0.7922916666666666,0.4575209,0.78625,7.667547225952148
0.45124868,0.7922916666666666,0.45751753,0.78625,7.669294595718384
0.45124558,0.7922916666666666,0.45751426,0.78625,7.671110153198242
0.45124248,0.7922916666666666,0.45751083,0.78625,7.672873258590698
0.4512394,0.7922916666666666,0.45750752,0.78625,7.674675941467285
0.4512363,0.7922916666666666,0.45750412,0.7858333333333334,7.676501989364624
0.4512332,0.7922916666666666,0.45750087,0.7858333333333334,7.678252935409546
0.45123023,0.7922916666666666,0.45749742,0.7858333333333334,7.680011034011841
0.4512271,0.7922916666666666,0.45749405,0.7858333333333334,7.681821584701538
0.451224,0.7922916666666666,0.45749068,0.7858333333333334,7.683638095855713
0.4512209,0.7922916666666666,0.4574873,0.7858333333333334,7.685439825057983
0.45121792,0.7922916666666666,0.45748398,0.7858333333333334,7.687194108963013
0.45121485,0.7922916666666666,0.45748067,0.7858333333333334,7.688997745513916
0.45121175,0.7922916666666666,0.45747736,0.7858333333333334,7.690799713134766
0.4512087,0.7922916666666666,0.4574739,0.7858333333333334,7.692615985870361
0.45120564,0.7922916666666666,0.45747066,0.7858333333333334,7.69436502456665
0.45120254,0.7922916666666666,0.4574673,0.7858333333333334,7.696125268936157
0.45119953,0.7922916666666666,0.45746404,0.7858333333333334,7.697927474975586
0.4511964,0.7922916666666666,0.45746067,0.7858333333333334,7.699740409851074
0.4511934,0.7922916666666666,0.45745742,0.7858333333333334,7.7014899253845215
0.4511903,0.7922916666666666,0.45745412,0.7858333333333334,7.703240156173706
0.45118722,0.7922916666666666,0.4574508,0.7858333333333334,7.7049925327301025
0.45118424,0.7922916666666666,0.45744762,0.7858333333333334,7.706805467605591
0.45118117,0.7922916666666666,0.4574442,0.7858333333333334,7.708569765090942
0.45117813,0.7922916666666666,0.457441,0.7858333333333334,7.710333585739136
0.4511751,0.7922916666666666,0.4574377,0.7858333333333334,7.712148427963257
0.45117202,0.7922916666666666,0.4574343,0.7858333333333334,7.7139012813568115
0.451169,0.7922916666666666,0.457431,0.7858333333333334,7.715662717819214
0.45116597,0.7922916666666666,0.4574277,0.7858333333333334,7.717419624328613
0.45116287,0.7922916666666666,0.45742446,0.7858333333333334,7.71918249130249
0.45115986,0.7921875,0.45742115,0.7858333333333334,7.720951080322266
0.45115677,0.7921875,0.45741782,0.7858333333333334,7.722705841064453
0.45115376,0.7921875,0.4574145,0.7858333333333334,7.724474906921387
0.45115072,0.7921875,0.4574112,0.7858333333333334,7.726227283477783
0.45114768,0.7921875,0.45740795,0.7858333333333334,7.727993726730347
0.45114467,0.7921875,0.45740464,0.7858333333333334,7.729820013046265
0.45114166,0.7921875,0.45740134,0.7858333333333334,7.731636047363281
0.45113868,0.7921875,0.45739803,0.7858333333333334,7.733442068099976
0.45113555,0.7921875,0.4573948,0.7858333333333334,7.7351906299591064
0.4511326,0.7921875,0.45739156,0.7858333333333334,7.737008333206177
0.45112956,0.7921875,0.45738825,0.7858333333333334,7.738762617111206
0.45112652,0.7921875,0.45738506,0.7858333333333334,7.740525245666504
0.4511235,0.7921875,0.45738184,0.7858333333333334,7.742271900177002
0.4511204,0.7921875,0.45737866,0.7858333333333334,7.744032859802246
0.45111746,0.7921875,0.45737535,0.7858333333333334,7.745784282684326
0.4511144,0.7921875,0.45737222,0.7858333333333334,7.747559070587158
0.4511114,0.7921875,0.45736897,0.7858333333333334,7.749311447143555
0.4511084,0.7921875,0.45736578,0.7858333333333334,7.751121759414673
0.45110536,0.7921875,0.45736247,0.7858333333333334,7.752880334854126
0.45110235,0.7921875,0.45735925,0.7858333333333334,7.7546868324279785
0.45109934,0.7921875,0.45735607,0.7858333333333334,7.756456613540649
0.45109636,0.7921875,0.45735282,0.7858333333333334,7.758213520050049
0.45109323,0.7921875,0.4573496,0.7858333333333334,7.759973526000977
0.45109025,0.7921875,0.45734635,0.7858333333333334,7.761720895767212
0.4510873,0.7921875,0.45734313,0.7858333333333334,7.763477563858032
0.4510843,0.7921875,0.45733994,0.7858333333333334,7.765292644500732
0.45108128,0.7921875,0.4573367,0.7858333333333334,7.767044544219971
0.4510783,0.7921875,0.45733348,0.7858333333333334,7.7688047885894775
0.45107523,0.7921875,0.45733017,0.7858333333333334,7.770568370819092
0.45107225,0.7921875,0.45732698,0.7858333333333334,7.77239990234375
0.4510693,0.7921875,0.45732382,0.7858333333333334,7.77414608001709
0.4510663,0.7921875,0.45732045,0.7858333333333334,7.775970220565796
0.45106328,0.7921875,0.4573172,0.7858333333333334,7.777778387069702
0.4510603,0.7921875,0.45731384,0.7858333333333334,7.77953577041626
0.45105729,0.7921875,0.45731065,0.7858333333333334,7.781347036361694
0.45105428,0.7921875,0.45730734,0.7858333333333334,7.7831010818481445
0.45105127,0.7921875,0.4573041,0.7858333333333334,7.7848615646362305
0.45104828,0.7921875,0.4573008,0.7858333333333334,7.786613464355469
0.45104522,0.7921875,0.45729762,0.7858333333333334,7.788388729095459
0.45104226,0.7921875,0.45729432,0.7858333333333334,7.790132999420166
0.45103928,0.7921875,0.4572911,0.7858333333333334,7.791898488998413
0.45103633,0.7921875,0.45728785,0.7858333333333334,7.793661832809448
0.45103332,0.7921875,0.4572846,0.7858333333333334,7.795415639877319
0.4510303,0.7921875,0.4572815,0.7858333333333334,7.797164678573608
0.45102736,0.7920833333333334,0.45727825,0.7858333333333334,7.798986196517944
0.45102438,0.7920833333333334,0.4572751,0.7858333333333334,7.800814628601074
0.45102143,0.7920833333333334,0.45727193,0.7858333333333334,7.8025689125061035
0.45101842,0.7920833333333334,0.45726871,0.7858333333333334,7.804331064224243
0.4510154,0.7920833333333334,0.4572654,0.7858333333333334,7.80609130859375
0.45101246,0.7920833333333334,0.4572623,0.7858333333333334,7.807847261428833
0.45100948,0.7920833333333334,0.45725906,0.7858333333333334,7.8096137046813965
0.45100653,0.7920833333333334,0.45725596,0.7858333333333334,7.811359405517578
0.45100346,0.7920833333333334,0.45725277,0.7858333333333334,7.813140153884888
0.4510005,0.7920833333333334,0.45724955,0.7858333333333334,7.814889907836914
0.45099753,0.7920833333333334,0.45724645,0.7858333333333334,7.816645860671997
0.45099458,0.7920833333333334,0.45724323,0.7858333333333334,7.818400621414185
0.45099163,0.7920833333333334,0.45724013,0.7858333333333334,7.820234060287476
0.45098862,0.7920833333333334,0.45723698,0.7858333333333334,7.822050333023071
0.45098567,0.7920833333333334,0.45723385,0.7858333333333334,7.823805809020996
0.45098266,0.7920833333333334,0.4572307,0.7858333333333334,7.8255579471588135
0.45097977,0.7920833333333334,0.45722753,0.7858333333333334,7.827311038970947
0.45097676,0.7920833333333334,0.45722434,0.7858333333333334,7.829072952270508
0.45097378,0.7920833333333334,0.4572212,0.7858333333333334,7.830834150314331
0.45097086,0.7920833333333334,0.45721802,0.7858333333333334,7.832584381103516
0.4509679,0.7920833333333334,0.45721486,0.7858333333333334,7.834341764450073
0.45096493,0.7920833333333334,0.45721176,0.7858333333333334,7.836163520812988
0.45096192,0.7920833333333334,0.4572086,0.7858333333333334,7.83797025680542
0.45095897,0.7920833333333334,0.45720544,0.7858333333333334,7.839788198471069
0.45095608,0.7920833333333334,0.45720232,0.7858333333333334,7.841545104980469
0.45095307,0.7920833333333334,0.4571992,0.7858333333333334,7.843337297439575
0.45095006,0.7920833333333334,0.45719606,0.7858333333333334,7.8451220989227295
0.45094717,0.7920833333333334,0.45719293,0.7858333333333334,7.846882104873657
0.45094416,0.7920833333333334,0.45718995,0.7858333333333334,7.848700284957886
0.4509412,0.7920833333333334,0.45718688,0.7858333333333334,7.8504557609558105
0.4509383,0.7920833333333334,0.4571839,0.7858333333333334,7.852209568023682
0.45093536,0.7920833333333334,0.45718083,0.7858333333333334,7.853960990905762
0.4509324,0.7920833333333334,0.45717785,0.7858333333333334,7.855717182159424
0.45092946,0.7920833333333334,0.45717484,0.7858333333333334,7.857471942901611
0.45092657,0.7920833333333334,0.45717183,0.7858333333333334,7.859217882156372
0.45092362,0.7920833333333334,0.45716873,0.7858333333333334,7.860972166061401
0.45092067,0.7920833333333334,0.4571657,0.7858333333333334,7.862731456756592
0.45091775,0.7920833333333334,0.45716268,0.7858333333333334,7.864496231079102
0.45091483,0.7920833333333334,0.45715952,0.7858333333333334,7.866311311721802
0.45091188,0.7920833333333334,0.45715654,0.7858333333333334,7.8680739402771
0.45090893,0.7920833333333334,0.45715347,0.7858333333333334,7.869894981384277
0.450906,0.7920833333333334,0.45715046,0.7858333333333334,7.871659517288208
0.45090306,0.7920833333333334,0.45714733,0.7858333333333334,7.873473167419434
0.4509001,0.7920833333333334,0.45714432,0.7858333333333334,7.875282287597656
0.45089728,0.7920833333333334,0.45714128,0.7858333333333334,7.877098083496094
0.45089433,0.7920833333333334,0.45713827,0.7858333333333334,7.878902912139893
0.45089138,0.7920833333333334,0.4571351,0.7858333333333334,7.880733251571655
0.45088845,0.7920833333333334,0.4571321,0.7858333333333334,7.882493495941162
0.45088556,0.7920833333333334,0.457129,0.7858333333333334,7.884306907653809
0.4508826,0.7920833333333334,0.45712602,0.7858333333333334,7.886121511459351
0.45087972,0.7920833333333334,0.45712307,0.7858333333333334,7.887935638427734
0.45087677,0.7920833333333334,0.4571199,0.7858333333333334,7.889687776565552
0.4508739,0.7920833333333334,0.4571169,0.7858333333333334,7.891448259353638
0.45087102,0.7920833333333334,0.45711386,0.7858333333333334,7.893259048461914
0.45086813,0.7920833333333334,0.4571108,0.7858333333333334,7.895072937011719
0.45086518,0.7920833333333334,0.4571078,0.7858333333333334,7.896900653839111
0.4508623,0.7920833333333334,0.45710474,0.7858333333333334,7.898662567138672
0.45085937,0.7920833333333334,0.45710173,0.7858333333333334,7.900439500808716
0.45085648,0.7920833333333334,0.45709863,0.7858333333333334,7.902196884155273
0.45085353,0.7920833333333334,0.45709565,0.7854166666666667,7.903956890106201
0.45085064,0.7921875,0.45709258,0.7854166666666667,7.90570592880249
0.4508477,0.7921875,0.4570896,0.7854166666666667,7.9074788093566895
0.45084482,0.7921875,0.45708653,0.7854166666666667,7.909292697906494
0.45084193,0.7921875,0.45708352,0.7854166666666667,7.911101818084717
0.45083898,0.7921875,0.45708048,0.7854166666666667,7.912864446640015
0.45083612,0.7921875,0.45707747,0.7854166666666667,7.9146201610565186
0.45083323,0.7921875,0.45707443,0.7854166666666667,7.916385650634766
0.45083034,0.7921875,0.4570714,0.7854166666666667,7.9181342124938965
0.4508274,0.7921875,0.45706832,0.7854166666666667,7.919888019561768
0.45082444,0.7921875,0.45706543,0.7854166666666667,7.921642065048218
0.45082158,0.7921875,0.45706242,0.7854166666666667,7.923471689224243
0.4508187,0.7921875,0.4570594,0.7854166666666667,7.92522406578064
0.45081574,0.7921875,0.45705643,0.7854166666666667,7.927035570144653
0.45081288,0.7921875,0.45705342,0.7854166666666667,7.928800582885742
0.45081005,0.7921875,0.45705053,0.7854166666666667,7.930600643157959
0.45080712,0.7921875,0.45704752,0.7854166666666667,7.932406902313232
0.4508042,0.7921875,0.4570445,0.7854166666666667,7.934157371520996
0.4508014,0.7921875,0.45704162,0.7854166666666667,7.9359800815582275
0.45079845,0.7921875,0.4570386,0.7854166666666667,7.937739610671997
0.4507956,0.7921875,0.45703563,0.7854166666666667,7.939551591873169
0.4507927,0.7921875,0.4570327,0.7854166666666667,7.941301584243774
0.4507898,0.7921875,0.4570296,0.7854166666666667,7.943108320236206
0.45078686,0.7921875,0.45702666,0.7854166666666667,7.944866895675659
0.45078406,0.7921875,0.4570237,0.7854166666666667,7.946670055389404
0.45078114,0.7921875,0.45702073,0.7854166666666667,7.9484944343566895
0.45077825,0.7921875,0.45701778,0.7854166666666667,7.9503068923950195
0.4507754,0.7921875,0.4570147,0.7854166666666667,7.95206093788147
0.4507725,0.7921875,0.45701176,0.7854166666666667,7.9538185596466064
0.45076966,0.7921875,0.4570088,0.7854166666666667,7.9555723667144775
0.45076674,0.7921875,0.45700586,0.7854166666666667,7.9573235511779785
0.45076385,0.7921875,0.45700282,0.7854166666666667,7.959074258804321
0.45076102,0.7921875,0.4569998,0.7854166666666667,7.960888624191284
0.4507581,0.7921875,0.45699677,0.7854166666666667,7.9626452922821045
0.45075527,0.7921875,0.45699382,0.7854166666666667,7.96442174911499
0.4507524,0.7921875,0.45699087,0.7854166666666667,7.966248035430908
0.45074958,0.7921875,0.45698786,0.7854166666666667,7.9680094718933105
0.45074666,0.7921875,0.45698488,0.7854166666666667,7.969775438308716
0.45074376,0.7921875,0.45698193,0.7854166666666667,7.97160005569458
0.4507409,0.7921875,0.4569788,0.7854166666666667,7.973419427871704
0.45073807,0.7921875,0.45697585,0.785,7.975231409072876
0.4507352,0.7921875,0.45697287,0.785,7.976999044418335
0.45073238,0.7921875,0.45697013,0.785,7.978750944137573
0.45072946,0.7921875,0.45696726,0.785,7.980520486831665
0.4507267,0.7921875,0.45696446,0.785,7.982287645339966
0.45072377,0.7921875,0.4569615,0.785,7.984113931655884
0.45072097,0.7921875,0.45695862,0.785,7.985866546630859
0.45071808,0.7921875,0.45695576,0.785,7.987680673599243
0.45071524,0.7921875,0.45695287,0.785,7.989424467086792
0.45071238,0.7921875,0.45695,0.785,7.991170883178711
0.45070952,0.7921875,0.45694712,0.785,7.992987871170044
0.4507067,0.7921875,0.4569443,0.785,7.994790077209473
0.4507039,0.7921875,0.45694143,0.785,7.9966044425964355
0.4507011,0.7921875,0.45693856,0.785,7.998355150222778
0.45069826,0.7921875,0.4569356,0.785,8.0001699924469
0.45069534,0.7921875,0.45693278,0.785,8.001988172531128
0.4506926,0.7921875,0.45692983,0.785,8.00374722480774
0.4506897,0.7921875,0.45692694,0.785,8.005507946014404
0.45068684,0.7921875,0.456924,0.785,8.007258653640747
0.45068404,0.7921875,0.45692107,0.785,8.009082317352295
0.45068124,0.7921875,0.45691827,0.785,8.01089334487915
0.4506784,0.7921875,0.45691544,0.785,8.012701034545898
0.4506756,0.7921875,0.45691258,0.785,8.014503479003906
0.4506728,0.7922916666666666,0.45690978,0.785,8.016307830810547
0.4506699,0.7922916666666666,0.45690694,0.785,8.018079042434692
0.4506671,0.7922916666666666,0.45690405,0.785,8.019843578338623
0.4506643,0.7922916666666666,0.45690128,0.785,8.021663188934326
0.45066148,0.7922916666666666,0.4568983,0.785,8.02347707748413
0.45065862,0.7922916666666666,0.45689535,0.785,8.025293588638306
0.45065588,0.7922916666666666,0.4568925,0.785,8.027046203613281
0.45065308,0.7922916666666666,0.4568896,0.785,8.028810262680054
0.45065027,0.7922916666666666,0.45688665,0.785,8.030565977096558
0.45064744,0.7922916666666666,0.45688376,0.785,8.032326459884644
0.45064464,0.7922916666666666,0.4568808,0.785,8.034083127975464
0.4506419,0.7922916666666666,0.4568778,0.785,8.035842180252075
0.45063898,0.7922916666666666,0.4568748,0.785,8.037655591964722
0.45063618,0.7922916666666666,0.4568718,0.785,8.039407968521118
0.45063344,0.7923958333333333,0.4568688,0.785,8.041227102279663
0.4506306,0.7923958333333333,0.45686585,0.785,8.043030738830566
0.45062774,0.7923958333333333,0.45686284,0.785,8.044788122177124
0.450625,0.7923958333333333,0.4568598,0.785,8.046544075012207
0.4506222,0.7923958333333333,0.45685685,0.785,8.048322439193726
0.4506194,0.7923958333333333,0.4568539,0.785,8.050159454345703
0.4506166,0.7925,0.45685095,0.785,8.0519278049469
0.4506138,0.7925,0.45684794,0.785,8.053730249404907
0.4506109,0.7925,0.456845,0.785,8.05554461479187
0.45060822,0.7925,0.45684198,0.785,8.057294368743896
0.45060536,0.7925,0.456839,0.785,8.059048414230347
0.45060262,0.7925,0.456836,0.785,8.060865640640259
0.45059982,0.7925,0.4568331,0.785,8.062619686126709
0.450597,0.7925,0.45683014,0.785,8.064380645751953
0.45059422,0.7925,0.45682713,0.785,8.066134452819824
0.4505914,0.7925,0.45682418,0.785,8.067888736724854
0.45058858,0.7925,0.45682123,0.785,8.069637060165405
0.45058584,0.7925,0.45681828,0.785,8.071600914001465
0.45058304,0.7925,0.45681527,0.785,8.073350429534912
0.45058024,0.7925,0.45681238,0.785,8.075168371200562
0.4505775,0.7925,0.4568095,0.785,8.076921701431274
0.4505747,0.7925,0.45680648,0.785,8.078732252120972
0.4505719,0.7925,0.45680353,0.785,8.080549955368042
0.45056915,0.7925,0.45680064,0.785,8.082305669784546
0.4505663,0.7925,0.4567977,0.785,8.08406114578247
0.4505636,0.7925,0.45679465,0.785,8.085815191268921
0.45056075,0.7925,0.4567917,0.785,8.087629795074463
0.45055807,0.7925,0.45678878,0.785,8.089439630508423
0.45055526,0.7925,0.45678583,0.785,8.091253519058228
0.45055252,0.7925,0.45678285,0.785,8.093072414398193
0.45054972,0.7925,0.45677978,0.785,8.094881296157837
0.45054692,0.7925,0.45677683,0.785,8.096703290939331
0.45054418,0.7925,0.45677388,0.785,8.098456144332886
0.45054144,0.7925,0.456771,0.785,8.100262880325317
0.45053858,0.7925,0.45676818,0.785,8.102065324783325
0.45053583,0.7925,0.45676535,0.785,8.103884220123291
0.45053315,0.7925,0.45676258,0.785,8.105643272399902
0.4505304,0.7925,0.4567598,0.785,8.10745644569397
0.4505276,0.7925,0.4567569,0.785,8.10925579071045
0.4505248,0.7925,0.4567541,0.785,8.111066579818726
0.45052215,0.7926041666666667,0.45675126,0.785,8.112884521484375
0.4505193,0.7926041666666667,0.45674837,0.785,8.114650249481201
0.4505166,0.7926041666666667,0.4567455,0.785,8.116483449935913
0.4505138,0.7926041666666667,0.4567427,0.7854166666666667,8.11829423904419
0.45051107,0.7925,0.4567399,0.7854166666666667,8.120052814483643
0.4505084,0.7925,0.456737,0.7854166666666667,8.121868133544922
0.4505056,0.7925,0.45673412,0.7854166666666667,8.123680114746094
0.45050287,0.7925,0.45673126,0.7854166666666667,8.125440835952759
0.45050013,0.7925,0.45672846,0.7854166666666667,8.127241849899292
0.4504974,0.7925,0.45672542,0.7854166666666667,8.129004001617432
0.45049465,0.7925,0.45672262,0.7854166666666667,8.130761623382568
0.4504919,0.7925,0.45671973,0.7854166666666667,8.13257622718811
0.45048913,0.7923958333333333,0.45671687,0.7854166666666667,8.134384393692017
0.45048645,0.7923958333333333,0.45671403,0.7854166666666667,8.136146068572998
0.4504837,0.7923958333333333,0.45671108,0.7854166666666667,8.13789677619934
0.45048097,0.7923958333333333,0.45670822,0.7854166666666667,8.139715194702148
0.4504782,0.7923958333333333,0.45670536,0.7854166666666667,8.14152979850769
0.45047545,0.7923958333333333,0.4567024,0.7854166666666667,8.143277645111084
0.4504727,0.7923958333333333,0.45669958,0.7854166666666667,8.145035743713379
0.45046997,0.7923958333333333,0.4566967,0.7854166666666667,8.146832942962646
0.4504673,0.7923958333333333,0.4566939,0.7854166666666667,8.148661375045776
0.45046452,0.7923958333333333,0.45669103,0.7854166666666667,8.150416612625122
0.45046178,0.7923958333333333,0.4566882,0.7854166666666667,8.152228832244873
0.4504591,0.7923958333333333,0.45668527,0.7854166666666667,8.153990745544434
0.45045635,0.7923958333333333,0.45668238,0.7854166666666667,8.155807495117188
0.45045364,0.7923958333333333,0.45667964,0.7854166666666667,8.157561540603638
0.45045084,0.7923958333333333,0.4566767,0.7854166666666667,8.159365892410278
0.45044816,0.7923958333333333,0.45667368,0.7854166666666667,8.161130666732788
0.45044535,0.7923958333333333,0.45667094,0.7854166666666667,8.162887334823608
0.45044276,0.7923958333333333,0.45666805,0.7854166666666667,8.164649248123169
0.45043996,0.7923958333333333,0.4566652,0.7854166666666667,8.166398048400879
0.45043728,0.7922916666666666,0.45666236,0.7854166666666667,8.168158531188965
0.45043457,0.7922916666666666,0.45665956,0.7854166666666667,8.169905662536621
0.45043182,0.7922916666666666,0.45665663,0.7854166666666667,8.17172622680664
0.45042914,0.7922916666666666,0.45665374,0.7854166666666667,8.173482656478882
0.45042637,0.7922916666666666,0.45665094,0.7854166666666667,8.175296783447266
0.4504237,0.7922916666666666,0.4566481,0.7854166666666667,8.177046537399292
0.45042095,0.7922916666666666,0.4566452,0.7854166666666667,8.178793668746948
0.45041823,0.7922916666666666,0.45664245,0.7854166666666667,8.180557250976562
0.4504156,0.7922916666666666,0.45663965,0.7854166666666667,8.18231463432312
0.45041284,0.7922916666666666,0.45663688,0.7854166666666667,8.184130430221558
0.45041016,0.7922916666666666,0.4566341,0.7854166666666667,8.185946226119995
0.45040742,0.7922916666666666,0.45663127,0.7854166666666667,8.187702178955078
0.45040467,0.7922916666666666,0.45662847,0.7854166666666667,8.189454793930054
0.45040202,0.7922916666666666,0.45662567,0.7854166666666667,8.191272735595703
0.45039928,0.7922916666666666,0.45662287,0.7854166666666667,8.193032264709473
0.45039657,0.7922916666666666,0.45661992,0.7854166666666667,8.19478440284729
0.4503939,0.7922916666666666,0.45661718,0.7854166666666667,8.19654393196106
0.45039114,0.7922916666666666,0.45661438,0.7854166666666667,8.198297500610352
0.4503885,0.7922916666666666,0.45661154,0.7854166666666667,8.200119733810425
0.45038575,0.7922916666666666,0.45660874,0.7854166666666667,8.20189118385315
0.45038304,0.7922916666666666,0.45660594,0.7854166666666667,8.203703880310059
0.4503803,0.7922916666666666,0.45660305,0.7854166666666667,8.205522060394287
0.4503776,0.7922916666666666,0.45660025,0.7854166666666667,8.207274675369263
0.45037502,0.7922916666666666,0.4565973,0.7854166666666667,8.209037780761719
0.4503723,0.7922916666666666,0.45659444,0.7854166666666667,8.210794925689697
0.45036957,0.7922916666666666,0.45659176,0.7854166666666667,8.212636947631836
0.4503669,0.7922916666666666,0.45658904,0.7854166666666667,8.214392900466919
0.45036423,0.7922916666666666,0.4565863,0.7854166666666667,8.21621298789978
0.45036152,0.7922916666666666,0.45658347,0.7854166666666667,8.218024253845215
0.45035884,0.7922916666666666,0.45658076,0.7854166666666667,8.219830989837646
0.45035613,0.7922916666666666,0.4565779,0.7854166666666667,8.221585988998413
0.4503535,0.7922916666666666,0.4565752,0.7854166666666667,8.223337411880493
0.45035076,0.7922916666666666,0.45657235,0.7854166666666667,8.225099563598633
0.4503481,0.7922916666666666,0.45656952,0.7854166666666667,8.226850509643555
0.45034546,0.7921875,0.45656678,0.7854166666666667,8.228607177734375
0.45034277,0.7921875,0.45656392,0.7854166666666667,8.230424165725708
0.45034006,0.7921875,0.45656118,0.7854166666666667,8.23218035697937
0.4503374,0.7921875,0.45655832,0.785,8.233932256698608
0.4503348,0.7921875,0.45655555,0.785,8.235686302185059
0.45033208,0.7921875,0.45655274,0.785,8.237489700317383
0.45032933,0.7921875,0.45654988,0.785,8.23923635482788
0.45032674,0.7921875,0.45654705,0.785,8.241003513336182
0.4503241,0.7921875,0.45654428,0.785,8.242749691009521
0.45032147,0.7921875,0.45654145,0.785,8.244574308395386
0.45031875,0.7921875,0.4565387,0.785,8.24637508392334
0.4503161,0.7921875,0.4565357,0.785,8.248197793960571
0.45031342,0.7921875,0.4565328,0.785,8.250006675720215
0.45031077,0.7921875,0.45652995,0.785,8.251793622970581
0.4503081,0.7921875,0.456527,0.785,8.253561019897461
0.45030543,0.7921875,0.45652416,0.785,8.255310535430908
0.45030272,0.7921875,0.4565212,0.785,8.257129907608032
0.4503001,0.7921875,0.4565183,0.785,8.258878469467163
0.45029745,0.7921875,0.45651546,0.785,8.260693311691284
0.45029476,0.7921875,0.4565126,0.785,8.262505531311035
0.45029205,0.7921875,0.4565097,0.785,8.264315605163574
0.45028946,0.7921875,0.4565069,0.785,8.266066789627075
0.4502868,0.7921875,0.45650396,0.785,8.267827033996582
0.45028406,0.7921875,0.4565011,0.785,8.269634008407593
0.45028147,0.7921875,0.45649832,0.785,8.271371126174927
0.45027882,0.7921875,0.4564954,0.785,8.273180723190308
0.45027614,0.7921875,0.4564926,0.785,8.274985790252686
0.45027348,0.7921875,0.45648977,0.785,8.276748895645142
0.45027083,0.7921875,0.45648688,0.785,8.278507471084595
0.4502682,0.7921875,0.45648402,0.785,8.280264377593994
0.45026556,0.7921875,0.45648128,0.785,8.282079458236694
0.45026284,0.7921875,0.45647842,0.785,8.283917427062988
0.45026022,0.7921875,0.4564756,0.785,8.28567624092102
0.45025757,0.7921875,0.45647272,0.785,8.287439823150635
0.45025492,0.7921875,0.45646983,0.785,8.289239406585693
0.45025226,0.7921875,0.45646697,0.785,8.290988683700562
0.45024958,0.7921875,0.45646414,0.785,8.292805194854736
0.45024693,0.7921875,0.45646122,0.785,8.294551134109497
0.4502443,0.7921875,0.4564584,0.785,8.296362161636353
0.45024166,0.7921875,0.45645553,0.785,8.298166036605835
0.450239,0.7921875,0.45645264,0.785,8.299974918365479
0.45023635,0.7921875,0.4564499,0.785,8.301724195480347
0.45023373,0.7921875,0.4564471,0.785,8.303532838821411
0.45023108,0.7921875,0.45644438,0.785,8.30528712272644
0.45022848,0.7922916666666666,0.45644155,0.785,8.3070969581604
0.45022577,0.7923958333333333,0.45643875,0.785,8.30895471572876
0.45022318,0.7923958333333333,0.45643595,0.785,8.310693740844727
0.4502205,0.7923958333333333,0.45643312,0.785,8.312521934509277
0.45021784,0.7923958333333333,0.45643026,0.785,8.314279079437256
0.4502153,0.7923958333333333,0.4564275,0.785,8.316040277481079
0.45021266,0.7923958333333333,0.45642465,0.785,8.317793369293213
0.45021,0.7923958333333333,0.45642182,0.785,8.319624662399292
0.45020735,0.7922916666666666,0.45641902,0.785,8.321385383605957
0.45020476,0.7922916666666666,0.45641628,0.785,8.323196411132812
0.45020208,0.7922916666666666,0.45641342,0.785,8.325018167495728
0.45019954,0.7922916666666666,0.45641062,0.785,8.326841354370117
0.45019683,0.7922916666666666,0.45640782,0.785,8.328652143478394
0.45019424,0.7922916666666666,0.45640504,0.785,8.33041524887085
0.45019165,0.7922916666666666,0.45640218,0.785,8.332171201705933
0.450189,0.7922916666666666,0.45639944,0.785,8.333983421325684
0.4501864,0.7922916666666666,0.4563967,0.785,8.335743427276611
0.45018372,0.7922916666666666,0.4563939,0.785,8.337551832199097
0.45018113,0.7922916666666666,0.4563911,0.785,8.339357852935791
0.45017853,0.7921875,0.45638838,0.785,8.34116816520691
0.45017588,0.7921875,0.4563856,0.785,8.342982292175293
0.4501733,0.7921875,0.45638284,0.785,8.344874858856201
0.45017064,0.7921875,0.45638,0.785,8.346693277359009
0.450168,0.7921875,0.4563773,0.785,8.348461151123047
0.4501654,0.7921875,0.45637453,0.785,8.350214719772339
0.4501628,0.7921875,0.45637175,0.785,8.352019786834717
0.45016018,0.7920833333333334,0.45636865,0.785,8.353776454925537
0.45015758,0.7920833333333334,0.4563655,0.785,8.3555428981781
0.45015487,0.7919791666666667,0.45636246,0.785,8.35729694366455
0.45015228,0.7919791666666667,0.45635936,0.785,8.35904574394226
0.4501497,0.7919791666666667,0.4563564,0.785,8.360862016677856
0.4501471,0.7919791666666667,0.4563533,0.785,8.362685203552246
0.45014444,0.7919791666666667,0.4563503,0.785,8.364444971084595
0.45014185,0.7919791666666667,0.45634726,0.785,8.366193056106567
0.45013922,0.791875,0.45634434,0.785,8.368001699447632
0.45013663,0.791875,0.45634136,0.785,8.369811058044434
0.45013398,0.791875,0.4563383,0.785,8.371565580368042
0.4501314,0.791875,0.4563353,0.785,8.373322248458862
0.4501288,0.791875,0.4563324,0.7845833333333333,8.375070810317993
0.45012623,0.791875,0.4563295,0.7845833333333333,8.376845598220825
0.4501236,0.791875,0.4563266,0.7845833333333333,8.37859559059143
0.45012102,0.791875,0.45632365,0.7845833333333333,8.380428552627563
0.45011842,0.7919791666666667,0.45632076,0.7845833333333333,8.382245063781738
0.45011577,0.7919791666666667,0.4563179,0.7845833333333333,8.384008646011353
0.45011318,0.7919791666666667,0.45631504,0.7845833333333333,8.385816097259521
0.45011058,0.7919791666666667,0.4563122,0.7845833333333333,8.387638092041016
0.450108,0.7919791666666667,0.45630935,0.7845833333333333,8.38945460319519
0.4501054,0.7919791666666667,0.45630655,0.7845833333333333,8.391270399093628
0.45010275,0.7919791666666667,0.45630378,0.7845833333333333,8.39317512512207
0.45010015,0.7919791666666667,0.4563009,0.7845833333333333,8.39492392539978
0.45009756,0.7919791666666667,0.4562981,0.7845833333333333,8.396737575531006
0.45009497,0.7919791666666667,0.4562953,0.7845833333333333,8.398486614227295
0.45009238,0.7919791666666667,0.45629263,0.7845833333333333,8.400250673294067
0.45008978,0.7919791666666667,0.45628977,0.7845833333333333,8.402059316635132
0.4500872,0.7919791666666667,0.45628697,0.7845833333333333,8.403820037841797
0.45008454,0.7919791666666667,0.45628414,0.7845833333333333,8.405580043792725
0.450082,0.7919791666666667,0.4562814,0.7845833333333333,8.40738844871521
0.45007944,0.7919791666666667,0.45627862,0.7845833333333333,8.409196376800537
0.4500768,0.7919791666666667,0.4562758,0.7845833333333333,8.41099238395691
0.4500742,0.7919791666666667,0.45627305,0.7845833333333333,8.412743091583252
0.4500716,0.7919791666666667,0.4562702,0.7845833333333333,8.414550065994263
0.450069,0.7919791666666667,0.45626745,0.7845833333333333,8.416364908218384
0.45006648,0.7919791666666667,0.4562647,0.7845833333333333,8.418166875839233
0.45006388,0.7919791666666667,0.456262,0.7845833333333333,8.419933795928955
0.4500613,0.7919791666666667,0.45625922,0.7845833333333333,8.421683073043823
0.4500587,0.7919791666666667,0.4562565,0.7845833333333333,8.42343258857727
0.45005617,0.7919791666666667,0.45625377,0.7845833333333333,8.425177812576294
0.45005345,0.7919791666666667,0.45625103,0.7845833333333333,8.426931619644165
0.45005092,0.7919791666666667,0.45624837,0.7845833333333333,8.428689002990723
0.45004836,0.7919791666666667,0.4562457,0.7845833333333333,8.430448293685913
0.45004576,0.7919791666666667,0.4562429,0.7845833333333333,8.432208061218262
0.45004317,0.7919791666666667,0.45624018,0.7845833333333333,8.433960914611816
0.45004064,0.791875,0.4562375,0.7845833333333333,8.435710906982422
0.45003805,0.791875,0.45623475,0.7845833333333333,8.437465906143188
0.4500355,0.791875,0.45623204,0.7845833333333333,8.43928337097168
0.45003295,0.791875,0.45622936,0.7845833333333333,8.441102743148804
0.45003036,0.791875,0.45622662,0.7845833333333333,8.442907571792603
0.45002773,0.791875,0.4562239,0.7845833333333333,8.444722652435303
0.45002523,0.791875,0.45622122,0.7845833333333333,8.446472406387329
0.45002258,0.791875,0.4562185,0.7845833333333333,8.448230266571045
0.45002013,0.791875,0.4562157,0.7845833333333333,8.449984550476074
0.45001748,0.791875,0.45621303,0.7845833333333333,8.451805591583252
0.45001495,0.791875,0.45621058,0.7845833333333333,8.45357894897461
0.45001236,0.791875,0.45620805,0.7845833333333333,8.455399513244629
0.45000976,0.791875,0.45620546,0.7845833333333333,8.457160234451294
0.45000726,0.791875,0.4562029,0.7845833333333333,8.458967685699463
0.45000467,0.791875,0.45620036,0.7845833333333333,8.460788488388062
0.45000213,0.791875,0.45619783,0.7845833333333333,8.46260118484497
0.4499996,0.791875,0.45619524,0.7845833333333333,8.464361429214478
0.44999704,0.791875,0.45619267,0.7845833333333333,8.466113328933716
0.44999444,0.791875,0.45619008,0.7845833333333333,8.467928647994995
0.4499919,0.791875,0.4561875,0.7845833333333333,8.469683170318604
0.44998938,0.791875,0.4561848,0.7845833333333333,8.471442222595215
0.44998682,0.791875,0.45618203,0.7845833333333333,8.473191976547241
0.44998422,0.791875,0.4561794,0.7845833333333333,8.474937915802002
0.4499817,0.791875,0.4561767,0.7845833333333333,8.476760387420654
0.44997916,0.791875,0.45617408,0.7845833333333333,8.47856879234314
0.4499766,0.791875,0.45617136,0.7845833333333333,8.48033618927002
0.449974,0.791875,0.45616862,0.7845833333333333,8.48213529586792
0.44997147,0.791875,0.4561659,0.7845833333333333,8.483944654464722
0.44996893,0.791875,0.4561633,0.7845833333333333,8.485695838928223
0.44996637,0.791875,0.45616063,0.7845833333333333,8.487457752227783
0.44996384,0.791875,0.45615798,0.7845833333333333,8.489271879196167
0.4499613,0.791875,0.4561553,0.7845833333333333,8.491031169891357
0.44995874,0.791875,0.45615265,0.7845833333333333,8.492794036865234
0.4499562,0.791875,0.45615,0.7845833333333333,8.494558095932007
0.44995368,0.791875,0.4561473,0.7845833333333333,8.496471881866455
0.44995108,0.791875,0.45614466,0.7845833333333333,8.498218536376953
0.44994852,0.7919791666666667,0.45614207,0.7845833333333333,8.49997854232788
0.44994605,0.7919791666666667,0.45613942,0.7845833333333333,8.5017991065979
0.44994348,0.7919791666666667,0.4561368,0.7845833333333333,8.503560543060303
0.449941,0.7919791666666667,0.4561343,0.7845833333333333,8.505381345748901
0.44993845,0.7919791666666667,0.4561317,0.7845833333333333,8.507123708724976
0.44993597,0.7919791666666667,0.45612916,0.7845833333333333,8.508886098861694
0.4499334,0.7919791666666667,0.45612657,0.7845833333333333,8.51063847541809
0.44993094,0.7919791666666667,0.45612392,0.7845833333333333,8.51240086555481
0.44992834,0.7919791666666667,0.45612136,0.7845833333333333,8.514155626296997
0.44992578,0.7919791666666667,0.45611876,0.7845833333333333,8.515972375869751
0.4499233,0.7919791666666667,0.45611614,0.7845833333333333,8.517781734466553
0.44992074,0.7919791666666667,0.45611355,0.7845833333333333,8.51961874961853
0.44991827,0.7919791666666667,0.45611095,0.7845833333333333,8.521382808685303
0.44991568,0.7919791666666667,0.4561084,0.7845833333333333,8.523191928863525
0.4499133,0.7919791666666667,0.45610565,0.7845833333333333,8.524999618530273
0.44991073,0.7919791666666667,0.456103,0.7845833333333333,8.526760339736938
0.4499082,0.7919791666666667,0.4561003,0.7845833333333333,8.528524398803711
0.44990566,0.7919791666666667,0.45609757,0.7845833333333333,8.53027892112732
0.4499031,0.7919791666666667,0.45609498,0.7845833333333333,8.532032251358032
0.44990063,0.7919791666666667,0.45609233,0.7845833333333333,8.533847570419312
0.44989803,0.7919791666666667,0.45608962,0.7845833333333333,8.535677194595337
0.4498956,0.7919791666666667,0.45608693,0.7845833333333333,8.53743839263916
0.449893,0.7919791666666667,0.45608434,0.7845833333333333,8.539189577102661
0.4498905,0.7919791666666667,0.4560817,0.7845833333333333,8.540945291519165
0.449888,0.7919791666666667,0.45607904,0.7845833333333333,8.542701721191406
0.44988546,0.7919791666666667,0.4560764,0.7845833333333333,8.544463634490967
0.44988295,0.7919791666666667,0.45607376,0.7845833333333333,8.546216249465942
0.44988048,0.7919791666666667,0.45607117,0.7845833333333333,8.547974348068237
0.44987792,0.7919791666666667,0.4560685,0.7845833333333333,8.54972529411316
0.44987544,0.7919791666666667,0.45606592,0.7845833333333333,8.551486253738403
0.44987294,0.7919791666666667,0.45606318,0.7845833333333333,8.553301334381104
0.44987035,0.7919791666666667,0.4560606,0.7845833333333333,8.55510663986206
0.4498679,0.7919791666666667,0.456058,0.7845833333333333,8.556918144226074
0.44986543,0.7919791666666667,0.4560554,0.7845833333333333,8.558689832687378
0.44986287,0.7919791666666667,0.4560527,0.7845833333333333,8.56045651435852
0.4498604,0.7919791666666667,0.4560501,0.7845833333333333,8.56230115890503
0.4498579,0.7919791666666667,0.45604756,0.7845833333333333,8.564059019088745
0.4498554,0.7919791666666667,0.4560449,0.7845833333333333,8.565820217132568
0.4498529,0.7919791666666667,0.45604223,0.7845833333333333,8.567644357681274
0.44985035,0.7919791666666667,0.4560397,0.7845833333333333,8.569465398788452
0.44984788,0.7919791666666667,0.45603707,0.7845833333333333,8.571276664733887
0.44984537,0.7919791666666667,0.45603448,0.7845833333333333,8.573041677474976
0.4498429,0.7919791666666667,0.456032,0.7845833333333333,8.574787378311157
0.4498404,0.7919791666666667,0.45602956,0.7845833333333333,8.576613903045654
0.44983786,0.7919791666666667,0.45602712,0.7845833333333333,8.578426122665405
0.44983536,0.7919791666666667,0.45602453,0.7845833333333333,8.580202579498291
0.44983286,0.7919791666666667,0.45602208,0.7845833333333333,8.58195424079895
0.44983038,0.7919791666666667,0.45601955,0.7845833333333333,8.583761215209961
0.44982794,0.7919791666666667,0.456017,0.7845833333333333,8.585568904876709
0.44982544,0.7919791666666667,0.45601454,0.7845833333333333,8.58737826347351
0.4498229,0.7919791666666667,0.456012,0.7845833333333333,8.589141845703125
0.44982046,0.7919791666666667,0.4560095,0.7845833333333333,8.590935230255127
0.44981793,0.7919791666666667,0.45600703,0.7841666666666667,8.592753887176514
0.44981548,0.7919791666666667,0.45600438,0.7841666666666667,8.59450650215149
0.44981298,0.7919791666666667,0.45600194,0.7841666666666667,8.596314668655396
0.44981048,0.7919791666666667,0.4559994,0.7841666666666667,8.598077058792114
0.449808,0.7919791666666667,0.45599687,0.7841666666666667,8.599828958511353
0.4498055,0.7919791666666667,0.45599437,0.7841666666666667,8.601577281951904
0.449803,0.7919791666666667,0.45599183,0.7841666666666667,8.603319883346558
0.44980052,0.7919791666666667,0.45598927,0.7841666666666667,8.605082750320435
0.44979808,0.7919791666666667,0.45598674,0.7841666666666667,8.60689902305603
0.44979563,0.7919791666666667,0.45598423,0.7841666666666667,8.608731508255005
0.44979313,0.7919791666666667,0.4559817,0.7841666666666667,8.610477447509766
0.4497907,0.7919791666666667,0.4559791,0.7841666666666667,8.612305164337158
0.44978815,0.7919791666666667,0.45597652,0.7841666666666667,8.614116430282593
0.44978562,0.7919791666666667,0.45597392,0.7841666666666667,8.615931272506714
0.44978324,0.7919791666666667,0.45597133,0.7841666666666667,8.617733716964722
0.44978067,0.7919791666666667,0.45596883,0.7841666666666667,8.619539976119995
0.4497783,0.7919791666666667,0.4559663,0.7841666666666667,8.621330976486206
0.4497758,0.7919791666666667,0.4559637,0.7841666666666667,8.623126983642578
0.4497733,0.7919791666666667,0.4559612,0.7841666666666667,8.6249361038208
0.4497708,0.7919791666666667,0.45595855,0.7841666666666667,8.626683950424194
0.44976836,0.7919791666666667,0.45595607,0.7841666666666667,8.628469944000244
0.4497659,0.7919791666666667,0.45595357,0.7841666666666667,8.630239963531494
0.44976345,0.7919791666666667,0.45595098,0.7841666666666667,8.632002592086792
0.44976094,0.7919791666666667,0.4559486,0.7841666666666667,8.63377046585083
0.4497585,0.7919791666666667,0.45594624,0.7841666666666667,8.635557174682617
0.44975606,0.7919791666666667,0.45594385,0.7841666666666667,8.637365579605103
0.4497536,0.7919791666666667,0.4559414,0.7841666666666667,8.639132261276245
0.44975117,0.7919791666666667,0.45593902,0.7841666666666667,8.640891790390015
0.4497487,0.7919791666666667,0.45593658,0.7841666666666667,8.642706871032715
0.44974625,0.7919791666666667,0.45593408,0.7841666666666667,8.644489526748657
0.4497438,0.7919791666666667,0.45593166,0.7841666666666667,8.646305322647095
0.44974136,0.7919791666666667,0.45592925,0.7841666666666667,8.648125410079956
0.44973892,0.7919791666666667,0.4559268,0.7841666666666667,8.649899959564209
0.44973642,0.7919791666666667,0.4559244,0.7841666666666667,8.651726245880127
0.449734,0.7919791666666667,0.45592195,0.7841666666666667,8.653484106063843
0.44973156,0.7919791666666667,0.45591944,0.7841666666666667,8.655302286148071
0.449729,0.7919791666666667,0.45591694,0.7841666666666667,8.657090663909912
0.4497266,0.7919791666666667,0.4559145,0.7841666666666667,8.658856391906738
0.44972417,0.7919791666666667,0.45591202,0.7841666666666667,8.660667657852173
0.44972163,0.7919791666666667,0.45590958,0.7841666666666667,8.662471294403076
0.4497192,0.7919791666666667,0.45590705,0.7841666666666667,8.664280652999878
0.44971675,0.7919791666666667,0.4559046,0.78375,8.666078090667725
0.4497143,0.7919791666666667,0.45590216,0.78375,8.667885541915894
0.44971186,0.7919791666666667,0.45589966,0.78375,8.669644832611084
0.4497094,0.7919791666666667,0.45589706,0.78375,8.671396493911743
0.44970697,0.7919791666666667,0.45589453,0.78375,8.67315411567688
0.4497045,0.7919791666666667,0.45589203,0.78375,8.674903154373169
0.449702,0.7919791666666667,0.45588952,0.78375,8.676719903945923
0.44969955,0.7919791666666667,0.45588705,0.78375,8.67853307723999
0.4496971,0.7919791666666667,0.4558845,0.78375,8.680449962615967
0.44969466,0.7919791666666667,0.45588195,0.78375,8.682200908660889
0.44969222,0.7919791666666667,0.45587948,0.78375,8.684032201766968
0.44968978,0.7919791666666667,0.45587698,0.78375,8.685845375061035
0.44968736,0.7919791666666667,0.45587474,0.78375,8.68760895729065
0.44968492,0.7919791666666667,0.4558724,0.78375,8.689412117004395
0.44968247,0.7919791666666667,0.45586994,0.78375,8.691221475601196
0.44967997,0.7919791666666667,0.45586762,0.78375,8.692980527877808
0.44967753,0.7919791666666667,0.45586517,0.78375,8.694746255874634
0.44967514,0.7919791666666667,0.45586273,0.78375,8.696558237075806
0.4496727,0.7919791666666667,0.4558603,0.78375,8.698298931121826
0.4496702,0.7919791666666667,0.45585775,0.78375,8.700066089630127
0.4496678,0.7919791666666667,0.45585537,0.78375,8.701822280883789
0.44966534,0.7919791666666667,0.45585287,0.78375,8.70359992980957
0.44966292,0.7919791666666667,0.45585048,0.78375,8.705349683761597
0.44966045,0.7919791666666667,0.45584798,0.78375,8.707103490829468
0.449658,0.7919791666666667,0.45584548,0.78375,8.708923816680908
0.44965562,0.7919791666666667,0.45584306,0.78375,8.710798025131226
0.44965318,0.7919791666666667,0.45584065,0.78375,8.712612628936768
0.44965068,0.7919791666666667,0.4558382,0.78375,8.714420080184937
0.4496483,0.7919791666666667,0.45583573,0.78375,8.716238975524902
0.44964585,0.7919791666666667,0.45583335,0.78375,8.718048334121704
0.4496434,0.7919791666666667,0.455831,0.78375,8.719816207885742
0.44964096,0.7919791666666667,0.4558286,0.78375,8.721570253372192
0.44963852,0.7919791666666667,0.45582625,0.78375,8.723381757736206
0.44963613,0.7919791666666667,0.45582387,0.78375,8.725197315216064
0.4496337,0.7919791666666667,0.4558214,0.78375,8.726956129074097
0.44963124,0.7919791666666667,0.45581898,0.78375,8.728713274002075
0.44962886,0.7919791666666667,0.4558166,0.78375,8.730524063110352
0.44962636,0.7919791666666667,0.4558142,0.78375,8.732344627380371
0.44962397,0.7919791666666667,0.45581183,0.78375,8.734100818634033
0.4496216,0.7919791666666667,0.45580938,0.78375,8.735852718353271
0.4496192,0.7919791666666667,0.45580694,0.78375,8.737610340118408
0.4496167,0.7919791666666667,0.4558045,0.78375,8.739349842071533
0.44961426,0.7919791666666667,0.45580214,0.78375,8.741111755371094
0.44961187,0.7919791666666667,0.4557997,0.78375,8.742920637130737
0.4496095,0.7919791666666667,0.45579728,0.78375,8.744724988937378
0.44960698,0.7919791666666667,0.4557947,0.78375,8.746479272842407
0.4496046,0.7919791666666667,0.45579213,0.78375,8.74829626083374
0.44960216,0.7919791666666667,0.4557897,0.78375,8.750052213668823
0.44959977,0.7919791666666667,0.4557872,0.78375,8.751816511154175
0.44959733,0.7920833333333334,0.45578465,0.78375,8.753564596176147
0.44959483,0.7920833333333334,0.4557822,0.78375,8.755311727523804
0.44959244,0.7920833333333334,0.45577973,0.78375,8.75712513923645
0.4495901,0.7920833333333334,0.45577723,0.78375,8.758924007415771
0.4495876,0.7920833333333334,0.45577478,0.78375,8.760678052902222
0.44958523,0.7920833333333334,0.45577234,0.78375,8.762479066848755
0.4495828,0.7920833333333334,0.45576987,0.78375,8.764236211776733
0.44958034,0.7920833333333334,0.45576745,0.78375,8.765984535217285
0.44957793,0.7920833333333334,0.45576492,0.78375,8.767746210098267
0.4495755,0.7920833333333334,0.45576254,0.78375,8.76956295967102
0.4495731,0.7920833333333334,0.4557601,0.78375,8.771367073059082
0.44957066,0.7920833333333334,0.45575756,0.78375,8.773130416870117
0.44956833,0.7920833333333334,0.455755,0.78375,8.77493929862976
0.44956583,0.7920833333333334,0.45575246,0.78375,8.776697158813477
0.44956338,0.7920833333333334,0.45574996,0.78375,8.778452634811401
0.449561,0.7920833333333334,0.4557475,0.78375,8.780216217041016
0.44955856,0.7920833333333334,0.45574498,0.78375,8.782021760940552
0.44955617,0.7920833333333334,0.45574248,0.78375,8.783842325210571
0.44955385,0.7920833333333334,0.45574,0.78375,8.785601615905762
0.4495514,0.7920833333333334,0.45573756,0.78375,8.787356615066528
0.44954896,0.7920833333333334,0.4557352,0.78375,8.789113283157349
0.4495466,0.7920833333333334,0.45573282,0.78375,8.790923118591309
0.44954416,0.7920833333333334,0.45573038,0.78375,8.79273796081543
0.44954178,0.7920833333333334,0.455728,0.78375,8.794491529464722
0.4495394,0.7920833333333334,0.4557256,0.78375,8.796244144439697
0.44953695,0.7920833333333334,0.45572323,0.78375,8.798002243041992
0.4495346,0.7920833333333334,0.4557208,0.78375,8.799757480621338
0.4495322,0.7920833333333334,0.4557184,0.78375,8.801512241363525
0.44952983,0.7920833333333334,0.4557159,0.78375,8.8032808303833
0.44952738,0.7920833333333334,0.45571354,0.78375,8.805041790008545
0.449525,0.7920833333333334,0.45571116,0.78375,8.8067946434021
0.4495226,0.7920833333333334,0.45570862,0.78375,8.808631181716919
0.4495202,0.7920833333333334,0.45570624,0.78375,8.810436487197876
0.44951782,0.7920833333333334,0.45570382,0.78375,8.812196254730225
0.44951537,0.7920833333333334,0.45570138,0.78375,8.813995361328125
0.449513,0.7920833333333334,0.4556989,0.78375,8.815806150436401
0.4495106,0.7920833333333334,0.45569652,0.78375,8.81760835647583
0.44950822,0.7920833333333334,0.45569408,0.78375,8.81942367553711
0.44950587,0.7920833333333334,0.45569164,0.78375,8.82122254371643
0.44950342,0.7920833333333334,0.45568925,0.78375,8.822973251342773
0.4495011,0.7920833333333334,0.45568684,0.78375,8.82473349571228
0.44949865,0.7920833333333334,0.4556844,0.78375,8.826544523239136
0.4494963,0.7920833333333334,0.45568198,0.78375,8.828351259231567
0.44949386,0.7920833333333334,0.45567954,0.78375,8.830099105834961
0.44949153,0.7920833333333334,0.4556771,0.78375,8.831855297088623
0.44948915,0.7920833333333334,0.45567465,0.78375,8.833666324615479
0.44948673,0.7920833333333334,0.45567226,0.78375,8.83547830581665
0.4494844,0.7920833333333334,0.45566976,0.78375,8.837229013442993
0.44948196,0.7920833333333334,0.45566732,0.78375,8.838977575302124
0.44947958,0.7920833333333334,0.45566487,0.78375,8.84079909324646
0.44947723,0.7920833333333334,0.45566243,0.78375,8.842556953430176
0.44947478,0.7920833333333334,0.45566,0.78375,8.844321489334106
0.4494724,0.7920833333333334,0.4556576,0.78375,8.846068143844604
0.44947007,0.7920833333333334,0.4556551,0.78375,8.847832202911377
0.44946772,0.7920833333333334,0.4556527,0.78375,8.849584341049194
0.44946533,0.7920833333333334,0.45565033,0.78375,8.851336240768433
0.4494629,0.7920833333333334,0.4556479,0.78375,8.853093147277832
0.4494605,0.7920833333333334,0.45564544,0.78375,8.854931592941284
0.4494582,0.7920833333333334,0.45564315,0.78375,8.856755018234253
0.44945583,0.7920833333333334,0.45564076,0.78375,8.858587741851807
0.44945344,0.7920833333333334,0.45563832,0.78375,8.860357522964478
0.449451,0.7920833333333334,0.45563588,0.78375,8.862119674682617
0.44944865,0.7920833333333334,0.45563343,0.78375,8.863948106765747
0.44944626,0.7920833333333334,0.45563096,0.78375,8.865755081176758
0.4494439,0.7920833333333334,0.45562857,0.78375,8.867514848709106
0.44944146,0.7920833333333334,0.45562613,0.78375,8.869324445724487
0.44943914,0.7920833333333334,0.45562363,0.78375,8.8710777759552
0.44943675,0.7920833333333334,0.45562124,0.78375,8.872835874557495
0.44943437,0.7920833333333334,0.4556188,0.78375,8.87460207939148
0.44943196,0.7920833333333334,0.4556163,0.7833333333333333,8.876356363296509
0.44942957,0.7920833333333334,0.45561385,0.7833333333333333,8.878107070922852
0.44942728,0.7920833333333334,0.45561147,0.7833333333333333,8.879923820495605
0.4494249,0.7920833333333334,0.45560902,0.7833333333333333,8.881679058074951
0.44942245,0.7920833333333334,0.45560658,0.7833333333333333,8.883441925048828
0.44942012,0.7920833333333334,0.45560426,0.7833333333333333,8.885249614715576
0.44941768,0.7921875,0.4556018,0.7833333333333333,8.887057781219482
0.4494154,0.7921875,0.45559937,0.7833333333333333,8.888817071914673
0.449413,0.7921875,0.45559698,0.7833333333333333,8.890628099441528
0.44941065,0.7921875,0.45559457,0.7833333333333333,8.89244532585144
0.44940832,0.7921875,0.45559216,0.7833333333333333,8.894257068634033
0.44940594,0.7920833333333334,0.4555898,0.7833333333333333,8.89601182937622
0.44940352,0.7920833333333334,0.45558736,0.7833333333333333,8.897822856903076
0.4494012,0.7920833333333334,0.45558497,0.7833333333333333,8.899636507034302
0.44939882,0.7921875,0.45558247,0.7833333333333333,8.901450634002686
0.44939646,0.7921875,0.4555801,0.7833333333333333,8.903199434280396
0.44939408,0.7921875,0.4555777,0.7833333333333333,8.905020236968994
0.4493917,0.7921875,0.45557532,0.7833333333333333,8.90676736831665
0.44938934,0.7921875,0.45557287,0.7833333333333333,8.908530950546265
0.44938695,0.7921875,0.45557058,0.7833333333333333,8.910290002822876
0.4493846,0.7921875,0.4555682,0.7833333333333333,8.91205358505249
0.44938228,0.7921875,0.4555658,0.7833333333333333,8.913804292678833
0.44937992,0.7921875,0.4555634,0.7833333333333333,8.915564060211182
0.4493776,0.7921875,0.45556095,0.7833333333333333,8.91731882095337
0.44937515,0.7921875,0.45555863,0.7833333333333333,8.919126749038696
0.4493728,0.7921875,0.45555627,0.7833333333333333,8.920881748199463
0.44937047,0.7921875,0.45555395,0.7833333333333333,8.922640562057495
0.44936812,0.7921875,0.45555145,0.7833333333333333,8.924461841583252
0.44936574,0.7921875,0.45554933,0.7833333333333333,8.926291942596436
0.4493634,0.7921875,0.45554692,0.7833333333333333,8.928059339523315
0.44936106,0.7921875,0.45554447,0.7833333333333333,8.929862260818481
0.44935867,0.7921875,0.4555421,0.7833333333333333,8.931630611419678
0.44935638,0.7921875,0.45553976,0.7833333333333333,8.933390617370605
0.449354,0.7921875,0.45553756,0.7833333333333333,8.935139417648315
0.4493516,0.7921875,0.4555351,0.7833333333333333,8.936901330947876
0.44934925,0.7921875,0.4555328,0.7833333333333333,8.938727378845215
0.449347,0.7921875,0.45553035,0.7833333333333333,8.940491199493408
0.44934458,0.7921875,0.455528,0.7833333333333333,8.942246437072754
0.44934225,0.7921875,0.45552576,0.7833333333333333,8.9440758228302
0.44933987,0.7921875,0.45552343,0.7833333333333333,8.945832014083862
0.4493375,0.7921875,0.455521,0.7833333333333333,8.94759464263916
0.4493352,0.7921875,0.45551854,0.7833333333333333,8.949354887008667
0.44933283,0.7921875,0.45551616,0.7833333333333333,8.951119899749756
0.44933045,0.7921875,0.45551386,0.7833333333333333,8.95293927192688
0.44932815,0.7921875,0.45551157,0.7833333333333333,8.954699039459229
0.44932583,0.7921875,0.4555091,0.7833333333333333,8.956463098526001
0.44932348,0.7921875,0.45550668,0.7833333333333333,8.95821738243103
0.44932115,0.7921875,0.4555045,0.7833333333333333,8.959984302520752
0.4493188,0.7921875,0.45550212,0.7833333333333333,8.961738586425781
0.44931647,0.7921875,0.45549962,0.7833333333333333,8.963493347167969
0.44931412,0.7921875,0.4554973,0.78375,8.965244770050049
0.44931173,0.7921875,0.45549488,0.78375,8.9670569896698
0.44930944,0.7921875,0.45549262,0.78375,8.968883037567139
0.44930708,0.7921875,0.45549032,0.78375,8.970690250396729
0.4493047,0.7921875,0.45548782,0.78375,8.972455263137817
0.44930238,0.7921875,0.45548543,0.78375,8.974206924438477
0.44930008,0.7921875,0.45548305,0.78375,8.975968837738037
0.4492977,0.7921875,0.45548084,0.78375,8.977792263031006
0.4492954,0.7921875,0.4554784,0.78375,8.979611158370972
0.44929302,0.7921875,0.45547608,0.78375,8.981420755386353
0.44929072,0.7921875,0.4554737,0.78375,8.983179092407227
0.44928837,0.7921875,0.45547155,0.78375,8.9849271774292
0.44928598,0.7921875,0.45546916,0.78375,8.986672401428223
0.44928366,0.7921875,0.45546672,0.78375,8.98843502998352
0.44928136,0.7921875,0.45546427,0.78375,8.990242004394531
0.449279,0.7921875,0.45546195,0.78375,8.992048025131226
0.44927675,0.7921875,0.45545968,0.78375,8.99380898475647
0.4492744,0.7921875,0.45545724,0.7841666666666667,8.995571374893188
0.4492721,0.7921875,0.45545486,0.7841666666666667,8.997322082519531
0.44926965,0.7921875,0.4554524,0.7841666666666667,8.999072551727295
0.4492674,0.7921875,0.45545024,0.7841666666666667,9.00083303451538
0.44926503,0.7921875,0.45544785,0.7841666666666667,9.002589702606201
0.4492627,0.7921875,0.4554455,0.7841666666666667,9.00434422492981
0.44926035,0.7921875,0.4554431,0.7841666666666667,9.006160736083984
0.44925806,0.7921875,0.45544073,0.7841666666666667,9.007926940917969
0.44925573,0.7921875,0.4554385,0.7841666666666667,9.009681701660156
0.44925344,0.7921875,0.45543614,0.7841666666666667,9.011435270309448
0.4492511,0.7921875,0.45543376,0.7841666666666667,9.013176441192627
0.4492487,0.7921875,0.45543146,0.7841666666666667,9.014927387237549
0.44924647,0.7921875,0.4554293,0.7841666666666667,9.016752481460571
0.44924408,0.7921875,0.45542684,0.7841666666666667,9.018506050109863
0.4492418,0.7921875,0.45542455,0.7841666666666667,9.020268440246582
0.44923946,0.7921875,0.45542216,0.7841666666666667,9.02202844619751
0.44923717,0.7921875,0.4554198,0.7841666666666667,9.023787021636963
0.4492348,0.7921875,0.45541772,0.7841666666666667,9.025615692138672
0.4492325,0.7921875,0.45541546,0.7841666666666667,9.027365684509277
0.4492302,0.7921875,0.45541316,0.7841666666666667,9.029131174087524
0.4492279,0.7921875,0.4554108,0.7841666666666667,9.030882835388184
0.44922552,0.7921875,0.45540884,0.7841666666666667,9.032703399658203
0.44922322,0.7921875,0.45540655,0.7841666666666667,9.034517765045166
0.4492209,0.7921875,0.4554043,0.7841666666666667,9.036328315734863
0.44921866,0.7921875,0.45540208,0.7841666666666667,9.038132905960083
0.4492163,0.7921875,0.45539984,0.7841666666666667,9.039972305297852
0.449214,0.7921875,0.4553976,0.7841666666666667,9.041719913482666
0.4492117,0.7921875,0.45539552,0.7841666666666667,9.043500661849976
0.4492094,0.7921875,0.4553931,0.7841666666666667,9.045258045196533
0.44920704,0.7921875,0.45539084,0.7841666666666667,9.047014951705933
0.44920477,0.7921875,0.45538855,0.7841666666666667,9.0487699508667
0.44920248,0.7921875,0.4553862,0.7841666666666667,9.05051326751709
0.44920018,0.7921875,0.45538417,0.7841666666666667,9.052273750305176
0.44919786,0.7921875,0.45538193,0.7841666666666667,9.054026365280151
0.44919556,0.7921875,0.45537955,0.7841666666666667,9.055851221084595
0.44919327,0.7921875,0.45537725,0.7841666666666667,9.05765986442566
0.44919097,0.7921875,0.4553751,0.7841666666666667,9.059417247772217
0.44918865,0.7921875,0.4553728,0.7841666666666667,9.06124472618103
0.4491864,0.7921875,0.45537055,0.7841666666666667,9.063095569610596
0.44918406,0.7921875,0.45536813,0.7841666666666667,9.0648512840271
0.44918177,0.7921875,0.4553659,0.7841666666666667,9.066670894622803
0.44917947,0.7921875,0.45536372,0.7841666666666667,9.068434715270996
0.4491772,0.7921875,0.45536137,0.7841666666666667,9.070189952850342
0.4491749,0.7921875,0.45535904,0.7841666666666667,9.071997880935669
0.44917256,0.7921875,0.4553567,0.7841666666666667,9.073802709579468
0.4491703,0.7921875,0.4553545,0.7841666666666667,9.07561206817627
0.449168,0.7921875,0.4553522,0.7841666666666667,9.077366828918457
0.44916564,0.7921875,0.45534992,0.7841666666666667,9.079118728637695
0.4491634,0.7921875,0.45534745,0.7841666666666667,9.080878257751465
0.44916108,0.7922916666666666,0.45534524,0.7841666666666667,9.082641124725342
0.4491588,0.7922916666666666,0.4553428,0.7841666666666667,9.084405899047852
0.4491565,0.7922916666666666,0.45534042,0.7841666666666667,9.086164236068726
0.4491542,0.7922916666666666,0.45533818,0.7841666666666667,9.087982892990112
0.44915196,0.7922916666666666,0.4553358,0.7841666666666667,9.089793920516968
0.44914964,0.7922916666666666,0.45533362,0.7841666666666667,9.091623067855835
0.44914734,0.7923958333333333,0.45533118,0.7841666666666667,9.093431234359741
0.44914505,0.7923958333333333,0.45532876,0.7841666666666667,9.095231533050537
0.44914275,0.7923958333333333,0.4553266,0.7841666666666667,9.097045183181763
0.44914046,0.7923958333333333,0.4553242,0.7841666666666667,9.098790168762207
0.44913822,0.7923958333333333,0.455322,0.7841666666666667,9.10060453414917
0.4491359,0.7923958333333333,0.45531973,0.7841666666666667,9.10235333442688
0.44913366,0.7923958333333333,0.45531732,0.7841666666666667,9.104110479354858
0.44913137,0.7923958333333333,0.45531505,0.7841666666666667,9.105918884277344
0.44912907,0.7923958333333333,0.45531297,0.7841666666666667,9.107677698135376
0.44912678,0.7923958333333333,0.45531067,0.7841666666666667,9.109430074691772
0.44912454,0.7923958333333333,0.45530832,0.7841666666666667,9.111191511154175
0.44912222,0.7923958333333333,0.45530593,0.7841666666666667,9.113026142120361
0.44912,0.7923958333333333,0.45530376,0.7841666666666667,9.11479663848877
0.4491177,0.7923958333333333,0.4553014,0.7841666666666667,9.116615772247314
0.4491154,0.7923958333333333,0.45529902,0.7841666666666667,9.118428945541382
0.4491131,0.7923958333333333,0.4552965,0.7841666666666667,9.12019419670105
0.44911087,0.7923958333333333,0.45529398,0.7841666666666667,9.121945142745972
0.44910857,0.7923958333333333,0.45529175,0.7841666666666667,9.123700380325317
0.44910634,0.7923958333333333,0.4552892,0.7841666666666667,9.125447034835815
0.4491041,0.7923958333333333,0.45528677,0.7841666666666667,9.127257823944092
0.4491018,0.7923958333333333,0.45528448,0.7841666666666667,9.129011392593384
0.44909954,0.7923958333333333,0.4552821,0.7841666666666667,9.13082480430603
0.44909725,0.7923958333333333,0.4552796,0.7841666666666667,9.132671117782593
0.44909495,0.7923958333333333,0.4552773,0.7841666666666667,9.134489059448242
0.44909272,0.7923958333333333,0.45527485,0.7841666666666667,9.136305093765259
0.44909042,0.7923958333333333,0.4552724,0.7841666666666667,9.13809871673584
0.44908813,0.7923958333333333,0.45527017,0.7841666666666667,9.1399085521698
0.4490859,0.7923958333333333,0.4552677,0.7841666666666667,9.141721248626709
0.4490836,0.7923958333333333,0.45526525,0.7841666666666667,9.143485069274902
0.44908136,0.7923958333333333,0.45526302,0.7841666666666667,9.145288705825806
0.44907913,0.7923958333333333,0.45526063,0.7841666666666667,9.147102117538452
0.44907683,0.7923958333333333,0.45525828,0.7841666666666667,9.148854732513428
0.4490746,0.7923958333333333,0.45525604,0.7841666666666667,9.150661945343018
0.44907242,0.7925,0.4552536,0.7841666666666667,9.152473449707031
0.44907007,0.7925,0.45525122,0.7841666666666667,9.154279947280884
0.4490678,0.7925,0.45524907,0.7841666666666667,9.156091451644897
0.4490655,0.7925,0.45524663,0.7841666666666667,9.15791392326355
0.44906327,0.7925,0.45524424,0.7841666666666667,9.159730434417725
0.44906104,0.7925,0.45524207,0.7841666666666667,9.16148328781128
0.44905874,0.7925,0.45523965,0.7841666666666667,9.16327452659607
0.4490565,0.7925,0.45523727,0.7841666666666667,9.165034770965576
0.4490542,0.7925,0.4552349,0.7841666666666667,9.166839599609375
0.44905204,0.7925,0.4552328,0.7841666666666667,9.16866397857666
0.44904977,0.7923958333333333,0.4552304,0.7841666666666667,9.170411109924316
0.44904745,0.7923958333333333,0.45522803,0.7841666666666667,9.172225952148438
0.4490452,0.7923958333333333,0.45522588,0.7841666666666667,9.174029111862183
0.44904298,0.7923958333333333,0.4552235,0.7841666666666667,9.175788879394531
0.44904074,0.7923958333333333,0.45522115,0.7841666666666667,9.177602529525757
0.4490385,0.7923958333333333,0.45521897,0.7841666666666667,9.179356575012207
0.4490362,0.7923958333333333,0.45521668,0.7841666666666667,9.181108474731445
0.44903398,0.7923958333333333,0.45521417,0.7841666666666667,9.18286681175232
0.44903168,0.7923958333333333,0.45521206,0.7841666666666667,9.184610605239868
0.44902948,0.7923958333333333,0.45520964,0.7841666666666667,9.186371088027954
0.44902724,0.7923958333333333,0.45520726,0.7841666666666667,9.188134670257568
0.449025,0.7923958333333333,0.45520508,0.7841666666666667,9.189886569976807
0.44902274,0.7923958333333333,0.45520273,0.7845833333333333,9.191645622253418
0.44902045,0.7923958333333333,0.4552004,0.7845833333333333,9.193394899368286
0.44901824,0.7922916666666666,0.45519832,0.7845833333333333,9.19515061378479
0.449016,0.7922916666666666,0.4551958,0.7845833333333333,9.196979761123657
0.44901377,0.7922916666666666,0.4551935,0.7845833333333333,9.19873833656311
0.44901147,0.7922916666666666,0.45519134,0.7845833333333333,9.200504541397095
0.44900924,0.7922916666666666,0.45518902,0.7845833333333333,9.202256202697754
0.44900694,0.7922916666666666,0.45518667,0.7845833333333333,9.20402216911316
0.44900477,0.7922916666666666,0.4551845,0.7845833333333333,9.205771207809448
0.44900253,0.7922916666666666,0.45518205,0.7845833333333333,9.207528114318848
0.4490003,0.7922916666666666,0.4551797,0.7845833333333333,9.209340333938599
0.44899806,0.7922916666666666,0.45517752,0.7845833333333333,9.211153030395508
0.44899583,0.7922916666666666,0.45517507,0.7845833333333333,9.212932825088501
0.4489936,0.7921875,0.45517278,0.7845833333333333,9.214749813079834
0.44899133,0.7921875,0.45517018,0.7845833333333333,9.216504335403442
0.4489891,0.7921875,0.45516822,0.7845833333333333,9.21831202507019
0.44898686,0.7921875,0.45516577,0.7845833333333333,9.220119953155518
0.44898462,0.7921875,0.45516363,0.7845833333333333,9.221919059753418
0.44898233,0.7921875,0.45516127,0.7845833333333333,9.223670959472656
0.44898015,0.7921875,0.455159,0.7845833333333333,9.225424528121948
0.44897786,0.7921875,0.45515665,0.7845833333333333,9.227232456207275
0.44897562,0.7921875,0.45515448,0.7845833333333333,9.228999137878418
0.4489734,0.7921875,0.45515224,0.7845833333333333,9.230812072753906
0.44897115,0.7921875,0.45515004,0.7845833333333333,9.232621908187866
0.44896892,0.7921875,0.4551477,0.7845833333333333,9.23438310623169
0.44896668,0.7921875,0.45514557,0.7845833333333333,9.23615050315857
0.44896445,0.7921875,0.45514333,0.7845833333333333,9.23797059059143
0.4489622,0.7921875,0.45514116,0.7845833333333333,9.239792585372925
0.44895995,0.7921875,0.4551389,0.7845833333333333,9.241597890853882
0.4489577,0.7921875,0.45513672,0.7845833333333333,9.243358612060547
0.44895554,0.7921875,0.45513457,0.7845833333333333,9.245179653167725
0.44895324,0.7921875,0.4551323,0.7845833333333333,9.246939659118652
0.448951,0.7921875,0.4551301,0.7845833333333333,9.248751878738403
0.44894883,0.7921875,0.45512798,0.7845833333333333,9.250516653060913
0.4489466,0.7921875,0.45512572,0.7845833333333333,9.252285957336426
0.44894436,0.7921875,0.45512348,0.7845833333333333,9.254038095474243
0.4489421,0.7921875,0.4551213,0.7845833333333333,9.255847454071045
0.44893986,0.7921875,0.45511916,0.7845833333333333,9.257647514343262
0.44893762,0.7921875,0.45511693,0.7845833333333333,9.259398221969604
0.4489354,0.7921875,0.4551147,0.7845833333333333,9.261232852935791
0.4489332,0.7921875,0.45511252,0.7845833333333333,9.263046503067017
0.44893098,0.7922916666666666,0.45511037,0.7845833333333333,9.264812231063843
0.44892874,0.7922916666666666,0.45510814,0.7845833333333333,9.266594409942627
0.44892654,0.7922916666666666,0.45510605,0.7845833333333333,9.268363952636719
0.44892424,0.7922916666666666,0.4551038,0.7845833333333333,9.27017617225647
0.448922,0.7922916666666666,0.4551016,0.7845833333333333,9.272002220153809
0.44891983,0.7922916666666666,0.4550995,0.7845833333333333,9.273812770843506
0.4489176,0.7922916666666666,0.45509726,0.7845833333333333,9.275571823120117
0.44891536,0.7922916666666666,0.45509502,0.7845833333333333,9.277321815490723
0.44891316,0.7922916666666666,0.45509294,0.7845833333333333,9.279078006744385
0.4489109,0.7922916666666666,0.4550907,0.7845833333333333,9.28082799911499
0.44890875,0.7922916666666666,0.4550885,0.7845833333333333,9.282587051391602
0.4489065,0.7922916666666666,0.45508635,0.7845833333333333,9.284406423568726
0.44890428,0.7922916666666666,0.45508412,0.7845833333333333,9.286163568496704
0.44890207,0.7922916666666666,0.455082,0.7845833333333333,9.29002046585083
0.44889984,0.7922916666666666,0.4550798,0.7845833333333333,9.29179310798645
0.44889766,0.7922916666666666,0.45507756,0.7845833333333333,9.29356575012207
0.44889536,0.7922916666666666,0.45507544,0.7845833333333333,9.295389652252197
0.44889307,0.7922916666666666,0.4550733,0.7845833333333333,9.297209739685059
0.44889098,0.7922916666666666,0.4550711,0.785,9.298967361450195
0.44888875,0.7922916666666666,0.45506898,0.785,9.300739765167236
0.4488865,0.7922916666666666,0.45506677,0.785,9.302553653717041
0.44888422,0.7922916666666666,0.45506454,0.785,9.304320812225342
0.4488821,0.7922916666666666,0.45506242,0.785,9.30607271194458
0.44887984,0.7922916666666666,0.4550602,0.785,9.307902336120605
0.44887772,0.7922916666666666,0.45505813,0.785,9.309712648391724
0.44887552,0.7922916666666666,0.4550559,0.785,9.311539888381958
0.44887325,0.7922916666666666,0.45505372,0.785,9.313350200653076
0.44887102,0.7922916666666666,0.45505157,0.7845833333333333,9.31511640548706
0.4488688,0.7922916666666666,0.45504928,0.7845833333333333,9.316892623901367
0.44886664,0.7922916666666666,0.45504704,0.7845833333333333,9.318659543991089
0.44886434,0.7922916666666666,0.45504496,0.7845833333333333,9.320422649383545
0.44886217,0.7922916666666666,0.45504278,0.7845833333333333,9.322161436080933
0.44885996,0.7922916666666666,0.45504063,0.7845833333333333,9.323928594589233
0.44885772,0.7922916666666666,0.45503852,0.7845833333333333,9.32573914527893
0.4488555,0.7922916666666666,0.45503643,0.7845833333333333,9.327545642852783
0.44885325,0.7922916666666666,0.45503417,0.7845833333333333,9.329312801361084
0.44885108,0.7923958333333333,0.45503214,0.7845833333333333,9.331070899963379
0.44884887,0.7925,0.45503,0.7845833333333333,9.332896709442139
0.44884664,0.7925,0.45502788,0.7845833333333333,9.334657430648804
0.4488444,0.7925,0.45502573,0.7845833333333333,9.33641529083252
0.44884223,0.7925,0.4550236,0.7845833333333333,9.338229417800903
0.44883993,0.7925,0.45502156,0.7845833333333333,9.340001821517944
0.4488378,0.7925,0.45501938,0.7845833333333333,9.341810703277588
0.4488355,0.7925,0.4550174,0.7845833333333333,9.343566417694092
0.44883338,0.7925,0.45501545,0.7845833333333333,9.345372438430786
0.4488311,0.7925,0.45501354,0.7845833333333333,9.34712553024292
0.448829,0.7925,0.4550115,0.7845833333333333,9.348948955535889
0.4488267,0.7925,0.45500955,0.7845833333333333,9.35074520111084
0.44882452,0.7925,0.45500758,0.7845833333333333,9.352553844451904
0.44882232,0.7925,0.4550055,0.7845833333333333,9.354306697845459
0.44882014,0.7925,0.45500347,0.7845833333333333,9.356070041656494
0.4488179,0.7923958333333333,0.4550014,0.7845833333333333,9.357821464538574
0.44881567,0.7923958333333333,0.45499933,0.7845833333333333,9.359589338302612
0.44881347,0.7923958333333333,0.45499724,0.7845833333333333,9.361391067504883
0.44881117,0.7923958333333333,0.45499516,0.7845833333333333,9.363143682479858
0.44880906,0.7925,0.45499313,0.7845833333333333,9.36495852470398
0.44880685,0.7925,0.45499104,0.7845833333333333,9.36671257019043
0.44880468,0.7925,0.45498893,0.7845833333333333,9.368552446365356
0.4488025,0.7925,0.45498684,0.7845833333333333,9.370367765426636
0.44880027,0.7925,0.45498458,0.7845833333333333,9.372122526168823
0.44879812,0.7925,0.45498234,0.7845833333333333,9.37388277053833
0.44879588,0.7925,0.45498016,0.7845833333333333,9.375700950622559
0.4487936,0.7925,0.45497787,0.7845833333333333,9.377464532852173
0.44879144,0.7925,0.45497563,0.7845833333333333,9.379229068756104
0.44878927,0.7925,0.45497346,0.7845833333333333,9.380995035171509
0.44878703,0.7925,0.45497116,0.7845833333333333,9.382810831069946
0.44878483,0.7925,0.45496902,0.7845833333333333,9.384626388549805
0.44878265,0.7925,0.45496678,0.7845833333333333,9.386376142501831
0.44878042,0.7925,0.4549646,0.7845833333333333,9.388140678405762
0.44877827,0.7925,0.4549624,0.7845833333333333,9.38988971710205
0.44877604,0.7925,0.45496014,0.7845833333333333,9.391652822494507
0.44877386,0.7925,0.45495808,0.7845833333333333,9.393454551696777
0.44877166,0.7925,0.45495605,0.7845833333333333,9.395267724990845
0.44876954,0.7925,0.4549539,0.7845833333333333,9.397023439407349
0.4487673,0.7925,0.45495182,0.7845833333333333,9.398768424987793
0.4487651,0.7925,0.45494974,0.7845833333333333,9.400586128234863
0.44876298,0.7925,0.45494762,0.7845833333333333,9.402340173721313
0.44876072,0.7925,0.45494562,0.785,9.40410327911377
0.44875854,0.7925,0.45494354,0.785,9.405856847763062
0.44875637,0.7925,0.4549415,0.785,9.407617807388306
0.44875413,0.7925,0.45493937,0.785,9.409427165985107
0.44875193,0.7925,0.45493728,0.785,9.41123342514038
0.4487498,0.7926041666666667,0.45493498,0.785,9.412994146347046
0.4487476,0.7926041666666667,0.4549329,0.785,9.414798736572266
0.44874543,0.7926041666666667,0.45493063,0.785,9.416576862335205
0.4487432,0.7925,0.45492855,0.785,9.418333530426025
0.448741,0.7925,0.45492634,0.785,9.42014193534851
0.44873887,0.7925,0.45492426,0.785,9.421950578689575
0.44873667,0.7925,0.45492214,0.785,9.423748970031738
0.4487345,0.7925,0.45491993,0.785,9.42555856704712
0.4487323,0.7925,0.45491782,0.785,9.42731261253357
0.4487301,0.7925,0.45491573,0.785,9.429070711135864
0.44872788,0.7925,0.45491353,0.785,9.430827140808105
0.4487257,0.7925,0.45491144,0.785,9.432638883590698
0.44872355,0.7925,0.45490932,0.785,9.434451580047607
0.44872132,0.7925,0.45490724,0.785,9.436218023300171
0.4487191,0.7925,0.45490515,0.785,9.438018560409546
0.448717,0.7925,0.45490295,0.785,9.439831495285034
0.44871476,0.7925,0.45490047,0.785,9.441636323928833
0.44871256,0.7925,0.45489806,0.785,9.443443059921265
0.44871044,0.7925,0.45489568,0.785,9.445203304290771
0.44870824,0.7925,0.4548933,0.785,9.447009801864624
0.44870594,0.7925,0.454891,0.785,9.448825120925903
0.44870383,0.7925,0.45488867,0.785,9.450567960739136
0.44870162,0.7925,0.45488638,0.785,9.45237922668457
0.44869938,0.7925,0.45488408,0.785,9.4541916847229
0.44869727,0.7925,0.45488176,0.785,9.455958843231201
0.44869506,0.7925,0.4548794,0.785,9.457708835601807
0.4486929,0.7925,0.45487702,0.785,9.45946717262268
0.44869068,0.7925,0.45487466,0.785,9.461267471313477
0.44868857,0.7925,0.45487234,0.785,9.463030338287354
0.44868633,0.7925,0.45487,0.785,9.464787721633911
0.44868413,0.7925,0.45486772,0.785,9.466614484786987
0.44868195,0.7925,0.45486543,0.785,9.468397617340088
0.44867975,0.7925,0.45486313,0.785,9.470156192779541
0.4486775,0.7925,0.4548609,0.785,9.471980571746826
0.4486754,0.7925,0.45485866,0.785,9.473735094070435
0.4486732,0.7925,0.4548563,0.785,9.475496053695679
0.448671,0.7925,0.45485407,0.785,9.477300643920898
0.44866887,0.7925,0.4548519,0.785,9.479058742523193
0.4486667,0.7925,0.45484966,0.785,9.480811357498169
0.44866446,0.7925,0.4548475,0.785,9.482624053955078
0.4486623,0.7925,0.45484534,0.785,9.484402656555176
0.44866008,0.7925,0.45484307,0.785,9.486151933670044
0.44865793,0.7925,0.4548409,0.785,9.48791790008545
0.4486557,0.7925,0.4548388,0.785,9.489674091339111
0.4486536,0.7925,0.45483652,0.785,9.49150562286377
0.44865143,0.7925,0.4548344,0.785,9.493257761001587
0.4486493,0.7925,0.45483226,0.785,9.495011329650879
0.448647,0.7925,0.45483002,0.785,9.496776103973389
0.44864488,0.7926041666666667,0.45482787,0.785,9.49852180480957
0.44864273,0.7926041666666667,0.45482576,0.785,9.500287294387817
0.44864058,0.7926041666666667,0.4548235,0.785,9.502104997634888
0.44863835,0.7925,0.45482138,0.785,9.503929615020752
0.44863617,0.7925,0.45481923,0.785,9.505740404129028
0.44863403,0.7925,0.4548171,0.785,9.50750207901001
0.44863185,0.7925,0.4548149,0.785,9.509300947189331
0.44862965,0.7925,0.45481274,0.785,9.511059045791626
0.44862753,0.7925,0.4548106,0.785,9.512879133224487
0.4486253,0.7925,0.45480844,0.785,9.514642000198364
0.44862315,0.7927083333333333,0.45480636,0.785,9.516466856002808
0.44862098,0.7927083333333333,0.45480412,0.785,9.518270015716553
0.44861877,0.7927083333333333,0.45480204,0.785,9.520038843154907
0.44861662,0.7927083333333333,0.45479986,0.785,9.521792888641357
0.4486144,0.7927083333333333,0.45479783,0.785,9.523566722869873
0.4486123,0.7927083333333333,0.45479563,0.785,9.525326490402222
0.44861013,0.7927083333333333,0.45479348,0.785,9.527137994766235
0.44860795,0.7927083333333333,0.4547913,0.785,9.528950929641724
0.44860575,0.7927083333333333,0.45478928,0.785,9.530702114105225
0.44860357,0.7927083333333333,0.45478705,0.785,9.532461166381836
0.44860142,0.7927083333333333,0.4547849,0.785,9.534217596054077
0.44859925,0.7927083333333333,0.4547828,0.785,9.535968542098999
0.44859704,0.7927083333333333,0.45478058,0.785,9.537790775299072
0.44859487,0.7927083333333333,0.4547784,0.785,9.539546966552734
0.44859272,0.7927083333333333,0.45477632,0.785,9.541301965713501
0.44859055,0.7927083333333333,0.4547741,0.785,9.543049335479736
0.4485884,0.7927083333333333,0.454772,0.785,9.54481291770935
0.44858623,0.7927083333333333,0.4547698,0.785,9.546560049057007
0.44858408,0.7927083333333333,0.45476767,0.785,9.548384666442871
0.4485819,0.7927083333333333,0.45476547,0.785,9.550195217132568
0.44857976,0.7927083333333333,0.45476332,0.785,9.552006244659424
0.44857758,0.7927083333333333,0.4547612,0.785,9.553809881210327
0.44857544,0.7927083333333333,0.45475906,0.785,9.555563688278198
0.44857326,0.7927083333333333,0.4547569,0.785,9.557325601577759
0.44857112,0.7927083333333333,0.45475474,0.785,9.559072256088257
0.44856894,0.7927083333333333,0.4547526,0.785,9.560842037200928
0.4485668,0.7927083333333333,0.45475057,0.785,9.562706470489502
0.44856465,0.7927083333333333,0.4547484,0.785,9.564463376998901
0.44856247,0.7927083333333333,0.4547463,0.785,9.566213130950928
0.44856033,0.7927083333333333,0.45474422,0.785,9.567970991134644
0.44855815,0.7927083333333333,0.454742,0.785,9.569724082946777
0.448556,0.7927083333333333,0.45473993,0.785,9.571544408798218
0.44855383,0.7926041666666667,0.4547377,0.785,9.57329511642456
0.44855174,0.7926041666666667,0.45473552,0.785,9.575105667114258
0.4485495,0.7926041666666667,0.45473334,0.785,9.576924562454224
0.44854736,0.7926041666666667,0.45473105,0.785,9.578674554824829
0.4485452,0.7926041666666667,0.45472884,0.785,9.580428838729858
0.4485431,0.7926041666666667,0.45472673,0.785,9.582177639007568
0.44854087,0.7926041666666667,0.4547245,0.785,9.583990573883057
0.44853878,0.7926041666666667,0.4547223,0.785,9.585781335830688
0.44853657,0.7926041666666667,0.4547202,0.785,9.587599277496338
0.44853446,0.7926041666666667,0.45471796,0.785,9.589404582977295
0.44853225,0.7926041666666667,0.45471588,0.785,9.591210126876831
0.44853017,0.7926041666666667,0.4547137,0.785,9.592967748641968
0.44852793,0.7926041666666667,0.4547115,0.785,9.594725131988525
0.44852585,0.7926041666666667,0.4547094,0.785,9.596482992172241
0.4485236,0.7926041666666667,0.4547073,0.785,9.598286151885986
0.44852152,0.7926041666666667,0.45470515,0.785,9.600099802017212
0.44851938,0.7926041666666667,0.45470297,0.785,9.601850748062134
0.4485172,0.7926041666666667,0.45470092,0.785,9.603617191314697
0.44851503,0.7926041666666667,0.4546988,0.785,9.605424404144287
0.44851288,0.7926041666666667,0.4546967,0.785,9.607222318649292
0.4485108,0.7926041666666667,0.45469463,0.785,9.608973979949951
0.44850862,0.7926041666666667,0.45469263,0.7845833333333333,9.610716342926025
0.44850653,0.7926041666666667,0.45469055,0.7845833333333333,9.612494707107544
0.44850427,0.7926041666666667,0.45468846,0.7845833333333333,9.614263772964478
0.44850215,0.7926041666666667,0.4546865,0.7845833333333333,9.616023063659668
0.4485,0.7926041666666667,0.4546845,0.7845833333333333,9.617773532867432
0.44849783,0.7926041666666667,0.45468253,0.7845833333333333,9.61960482597351
0.44849575,0.7926041666666667,0.4546806,0.7845833333333333,9.621350049972534
0.44849354,0.7926041666666667,0.45467854,0.7845833333333333,9.623157978057861
0.44849145,0.7926041666666667,0.45467645,0.7841666666666667,9.624975681304932
0.44848934,0.7926041666666667,0.45467436,0.7841666666666667,9.626794815063477
0.44848713,0.7926041666666667,0.45467234,0.7841666666666667,9.628558874130249
0.44848502,0.7927083333333333,0.4546701,0.7841666666666667,9.630372524261475
0.44848287,0.7927083333333333,0.45466796,0.7841666666666667,9.63217568397522
0.44848073,0.7927083333333333,0.45466584,0.7841666666666667,9.633931875228882
0.44847855,0.7927083333333333,0.4546636,0.7841666666666667,9.635746002197266
0.44847646,0.7927083333333333,0.4546616,0.7841666666666667,9.637562036514282
0.4484743,0.7927083333333333,0.45465958,0.7841666666666667,9.639372825622559
0.4484722,0.7927083333333333,0.45465758,0.7841666666666667,9.641130924224854
0.44847006,0.7927083333333333,0.45465562,0.7841666666666667,9.642947673797607
0.44846785,0.7927083333333333,0.45465377,0.7841666666666667,9.644710063934326
0.4484658,0.7927083333333333,0.4546519,0.7841666666666667,9.646511793136597
0.44846365,0.7927083333333333,0.45465007,0.7841666666666667,9.64828610420227
0.44846144,0.7927083333333333,0.4546482,0.7841666666666667,9.650042533874512
0.44845936,0.7927083333333333,0.45464626,0.7841666666666667,9.651866674423218
0.44845724,0.7927083333333333,0.45464426,0.7841666666666667,9.653635263442993
0.4484551,0.7927083333333333,0.45464233,0.7841666666666667,9.655473232269287
0.44845295,0.7927083333333333,0.45464036,0.7841666666666667,9.657301425933838
0.4484507,0.7927083333333333,0.4546382,0.7841666666666667,9.659124374389648
0.44844863,0.7927083333333333,0.4546362,0.7841666666666667,9.660902738571167
0.44844645,0.7927083333333333,0.4546341,0.7841666666666667,9.662714004516602
0.4484443,0.7927083333333333,0.45463195,0.7841666666666667,9.664491891860962
0.4484422,0.7927083333333333,0.45462993,0.7841666666666667,9.666269302368164
0.44844,0.7927083333333333,0.45462778,0.7841666666666667,9.668093919754028
0.4484379,0.7927083333333333,0.45462582,0.7841666666666667,9.669864892959595
0.44843572,0.7927083333333333,0.4546236,0.7841666666666667,9.671650886535645
0.44843352,0.7927083333333333,0.45462164,0.7841666666666667,9.673479557037354
0.44843146,0.7927083333333333,0.4546194,0.7841666666666667,9.675230264663696
0.44842932,0.7927083333333333,0.4546172,0.7841666666666667,9.67698884010315
0.4484271,0.7927083333333333,0.4546151,0.7841666666666667,9.678744792938232
0.44842494,0.7927083333333333,0.45461294,0.7841666666666667,9.68051528930664
0.44842285,0.7927083333333333,0.4546108,0.7841666666666667,9.682326555252075
0.4484207,0.7927083333333333,0.45460856,0.7841666666666667,9.684144973754883
0.44841847,0.7927083333333333,0.4546064,0.7841666666666667,9.685950994491577
0.44841638,0.7927083333333333,0.4546043,0.7841666666666667,9.687716960906982
0.44841427,0.7927083333333333,0.45460215,0.7841666666666667,9.689474105834961
0.44841212,0.7927083333333333,0.4546,0.7841666666666667,9.691282510757446
0.44840994,0.7927083333333333,0.45459777,0.78375,9.693033695220947
0.4484078,0.7927083333333333,0.45459554,0.78375,9.694851875305176
0.44840562,0.7927083333333333,0.45459336,0.78375,9.696611166000366
0.44840348,0.7927083333333333,0.4545912,0.78375,9.69836163520813
0.44840133,0.7927083333333333,0.45458904,0.78375,9.700123071670532
0.44839916,0.7927083333333333,0.4545868,0.78375,9.701931476593018
0.44839707,0.7927083333333333,0.4545846,0.78375,9.703747987747192
0.44839492,0.7927083333333333,0.45458242,0.78375,9.705495834350586
0.44839275,0.7927083333333333,0.45458034,0.78375,9.70730996131897
0.4483906,0.7927083333333333,0.4545781,0.78375,9.709118366241455
0.44838843,0.7927083333333333,0.4545759,0.78375,9.710928678512573
0.44838634,0.7927083333333333,0.45457363,0.78375,9.712732076644897
0.44838414,0.7927083333333333,0.4545715,0.78375,9.714544296264648
0.44838196,0.7927083333333333,0.4545693,0.78375,9.71631407737732
0.4483798,0.7927083333333333,0.45456704,0.7841666666666667,9.71807312965393
0.44837764,0.7927083333333333,0.45456487,0.7841666666666667,9.719837665557861
0.4483755,0.7927083333333333,0.4545627,0.7841666666666667,9.721585273742676
0.44837332,0.7927083333333333,0.4545605,0.7841666666666667,9.723345518112183
0.44837117,0.7927083333333333,0.4545583,0.7841666666666667,9.72510290145874
0.44836903,0.7927083333333333,0.45455617,0.7841666666666667,9.726854085922241
0.44836685,0.7927083333333333,0.45455387,0.7841666666666667,9.728678703308105
0.4483647,0.7927083333333333,0.4545517,0.7841666666666667,9.730493783950806
0.44836253,0.7927083333333333,0.45454946,0.7841666666666667,9.732251405715942
0.44836038,0.7927083333333333,0.45454723,0.7841666666666667,9.73401141166687
0.44835827,0.7927083333333333,0.45454502,0.7841666666666667,9.735773801803589
0.44835606,0.7927083333333333,0.4545429,0.7841666666666667,9.737539291381836
0.44835395,0.7927083333333333,0.45454067,0.7841666666666667,9.739293336868286
0.4483518,0.7927083333333333,0.45453846,0.7841666666666667,9.741052627563477
0.44834957,0.7927083333333333,0.45453623,0.7841666666666667,9.742805242538452
0.44834748,0.7927083333333333,0.45453435,0.7841666666666667,9.744630336761475
0.44834527,0.7927083333333333,0.45453236,0.7841666666666667,9.74637746810913
0.44834316,0.7927083333333333,0.4545304,0.7841666666666667,9.74820876121521
0.448341,0.7927083333333333,0.4545284,0.7841666666666667,9.749953985214233
0.44833893,0.7927083333333333,0.45452645,0.7841666666666667,9.75171422958374
0.44833675,0.7927083333333333,0.45452443,0.7841666666666667,9.753462553024292
0.4483346,0.7927083333333333,0.45452246,0.7841666666666667,9.755211591720581
0.44833243,0.7927083333333333,0.4545204,0.7841666666666667,9.757029294967651
0.44833034,0.7927083333333333,0.45451844,0.7841666666666667,9.758833408355713
0.44832814,0.7927083333333333,0.45451635,0.78375,9.76059079170227
0.44832605,0.7927083333333333,0.45451432,0.78375,9.76241421699524
0.44832382,0.7927083333333333,0.45451233,0.78375,9.764183759689331
0.44832173,0.7927083333333333,0.45451033,0.78375,9.765950202941895
0.4483196,0.7927083333333333,0.4545083,0.78375,9.767722129821777
0.4483174,0.7927083333333333,0.45450634,0.78375,9.769546270370483
0.44831532,0.7927083333333333,0.45450428,0.78375,9.771358489990234
0.4483131,0.7927083333333333,0.45450225,0.78375,9.77318549156189
0.448311,0.7927083333333333,0.4545003,0.78375,9.7749924659729
0.44830883,0.7927083333333333,0.45449814,0.78375,9.776806354522705
0.44830668,0.7927083333333333,0.45449615,0.78375,9.77855110168457
0.44830453,0.7927083333333333,0.45449412,0.78375,9.78032636642456
0.44830236,0.7927083333333333,0.4544921,0.78375,9.78208303451538
0.44830027,0.7927083333333333,0.45449007,0.78375,9.783829927444458
0.4482981,0.7927083333333333,0.45448798,0.78375,9.785588026046753
0.44829595,0.7927083333333333,0.4544859,0.78375,9.78733229637146
0.44829386,0.7927083333333333,0.4544839,0.78375,9.789093255996704
0.4482917,0.7927083333333333,0.45448166,0.78375,9.790908336639404
0.44828954,0.7927083333333333,0.45447958,0.78375,9.79265832901001
0.44828746,0.7927083333333333,0.4544775,0.78375,9.794471263885498
0.44828528,0.7927083333333333,0.45447525,0.78375,9.796280145645142
0.44828314,0.7927083333333333,0.4544731,0.78375,9.798036098480225
0.44828093,0.7927083333333333,0.45447108,0.7841666666666667,9.799853086471558
0.4482788,0.7927083333333333,0.45446894,0.7841666666666667,9.801661014556885
0.44827667,0.7927083333333333,0.45446685,0.7841666666666667,9.803435325622559
0.44827452,0.7927083333333333,0.45446476,0.7841666666666667,9.805191993713379
0.44827235,0.7927083333333333,0.45446283,0.7841666666666667,9.806948184967041
0.44827026,0.7927083333333333,0.45446086,0.7841666666666667,9.808717727661133
0.44826812,0.7927083333333333,0.45445886,0.7841666666666667,9.810469627380371
0.44826594,0.7927083333333333,0.45445684,0.7841666666666667,9.812283754348755
0.4482639,0.7927083333333333,0.4544549,0.7841666666666667,9.814093112945557
0.44826177,0.7927083333333333,0.45445287,0.7841666666666667,9.815856456756592
0.44825962,0.7927083333333333,0.45445088,0.7841666666666667,9.817605972290039
0.44825745,0.7927083333333333,0.4544489,0.7841666666666667,9.81936526298523
0.44825536,0.7927083333333333,0.45444682,0.7841666666666667,9.821122884750366
0.44825312,0.7927083333333333,0.4544448,0.7841666666666667,9.822880506515503
0.4482511,0.7927083333333333,0.4544427,0.7841666666666667,9.82463788986206
0.44824895,0.7927083333333333,0.4544408,0.7841666666666667,9.826385021209717
0.4482468,0.7927083333333333,0.45443872,0.7841666666666667,9.828142404556274
0.44824463,0.7927083333333333,0.45443675,0.7841666666666667,9.829909324645996
0.4482425,0.7927083333333333,0.45443472,0.7841666666666667,9.831663131713867
0.4482404,0.7927083333333333,0.45443267,0.7841666666666667,9.833426237106323
0.44823828,0.7927083333333333,0.45443064,0.7841666666666667,9.835240602493286
0.44823614,0.7927083333333333,0.4544286,0.7841666666666667,9.837069272994995
0.44823396,0.7927083333333333,0.45442653,0.7841666666666667,9.838840007781982
0.44823188,0.7927083333333333,0.45442444,0.7841666666666667,9.840616464614868
0.4482298,0.7927083333333333,0.4544224,0.7841666666666667,9.842441320419312
0.44822758,0.7927083333333333,0.45442027,0.7841666666666667,9.844213724136353
0.4482255,0.7927083333333333,0.45441824,0.7841666666666667,9.845970392227173
0.44822338,0.7927083333333333,0.4544162,0.7841666666666667,9.847747087478638
0.44822124,0.7927083333333333,0.45441407,0.7841666666666667,9.849522590637207
0.44821915,0.7927083333333333,0.45441198,0.7841666666666667,9.851273536682129
0.44821694,0.7927083333333333,0.4544099,0.7841666666666667,9.853029251098633
0.44821483,0.7927083333333333,0.4544078,0.7841666666666667,9.854857444763184
0.44821274,0.7926041666666667,0.45440578,0.7841666666666667,9.856613397598267
0.44821054,0.7926041666666667,0.45440364,0.7841666666666667,9.858373403549194
0.4482085,0.7926041666666667,0.45440155,0.7841666666666667,9.860144138336182
0.44820634,0.7927083333333333,0.45439932,0.7841666666666667,9.86196494102478
0.4482043,0.7927083333333333,0.45439717,0.7841666666666667,9.863795042037964
0.44820204,0.7927083333333333,0.45439503,0.7841666666666667,9.865556955337524
0.44819996,0.7927083333333333,0.4543929,0.7841666666666667,9.86731481552124
0.44819787,0.7927083333333333,0.45439076,0.7841666666666667,9.869145393371582
0.4481957,0.7927083333333333,0.45438862,0.7841666666666667,9.870908737182617
0.4481936,0.7927083333333333,0.45438644,0.7841666666666667,9.872678756713867
0.44819146,0.7927083333333333,0.45438436,0.7841666666666667,9.87447214126587
0.4481893,0.7927083333333333,0.45438227,0.7841666666666667,9.876299619674683
0.4481872,0.7927083333333333,0.45438018,0.7841666666666667,9.87811017036438
0.44818506,0.7927083333333333,0.45437804,0.7841666666666667,9.87992787361145
0.44818288,0.7927083333333333,0.45437595,0.7841666666666667,9.88168978691101
0.4481808,0.7927083333333333,0.45437384,0.7841666666666667,9.88344693183899
0.44817865,0.7927083333333333,0.4543717,0.7841666666666667,9.885257005691528
0.44817653,0.7927083333333333,0.45436972,0.7841666666666667,9.88701581954956
0.4481744,0.7927083333333333,0.45436758,0.7841666666666667,9.888832092285156
0.44817224,0.7927083333333333,0.45436555,0.7841666666666667,9.890583753585815
0.44817016,0.7927083333333333,0.4543634,0.7841666666666667,9.892341375350952
0.44816798,0.7927083333333333,0.4543614,0.7841666666666667,9.894097805023193
0.44816583,0.7927083333333333,0.4543593,0.7841666666666667,9.895856857299805
0.4481638,0.7927083333333333,0.45435724,0.7841666666666667,9.89783000946045
0.44816163,0.7927083333333333,0.45435512,0.7841666666666667,9.899651765823364
0.44815955,0.7927083333333333,0.45435306,0.7841666666666667,9.901456356048584
0.4481574,0.7927083333333333,0.45435116,0.7841666666666667,9.903207540512085
0.44815525,0.7927083333333333,0.45434925,0.7841666666666667,9.905023336410522
0.44815317,0.7927083333333333,0.45434722,0.7841666666666667,9.906777381896973
0.448151,0.7927083333333333,0.4543453,0.7841666666666667,9.90854001045227
0.44814885,0.7927083333333333,0.45434332,0.7841666666666667,9.910355806350708
0.44814676,0.7927083333333333,0.45434144,0.7841666666666667,9.912122249603271
0.44814464,0.7927083333333333,0.45433944,0.7841666666666667,9.9138822555542
0.4481425,0.7927083333333333,0.45433748,0.7841666666666667,9.91564655303955
0.44814047,0.7927083333333333,0.45433548,0.7841666666666667,9.917469501495361
0.44813827,0.7927083333333333,0.45433348,0.7841666666666667,9.919276714324951
0.44813618,0.7927083333333333,0.45433152,0.7841666666666667,9.921096324920654
0.44813406,0.7927083333333333,0.45432958,0.7841666666666667,9.922899961471558
0.44813198,0.7927083333333333,0.45432758,0.7841666666666667,9.924659490585327
0.44812977,0.7927083333333333,0.45432562,0.7841666666666667,9.926404476165771
0.4481277,0.7927083333333333,0.4543236,0.7841666666666667,9.928168296813965
0.44812566,0.7927083333333333,0.45432165,0.7841666666666667,9.92992639541626
0.44812348,0.7927083333333333,0.45431966,0.7841666666666667,9.931688070297241
0.44812134,0.7927083333333333,0.45431772,0.7841666666666667,9.933447360992432
0.4481192,0.7927083333333333,0.4543157,0.7841666666666667,9.935198783874512
0.44811717,0.7927083333333333,0.45431376,0.7841666666666667,9.936962127685547
0.44811502,0.7927083333333333,0.45431167,0.7841666666666667,9.938781976699829
0.4481129,0.7927083333333333,0.4543097,0.7841666666666667,9.94054388999939
0.44811082,0.7928125,0.45430762,0.7841666666666667,9.942349433898926
0.44810873,0.7928125,0.45430562,0.7841666666666667,9.944112062454224
0.44810653,0.7928125,0.4543036,0.7841666666666667,9.945870876312256
0.44810444,0.7928125,0.45430157,0.7841666666666667,9.947695016860962
0.44810233,0.7928125,0.45429957,0.7841666666666667,9.949509143829346
0.44810024,0.7928125,0.45429748,0.7841666666666667,9.951265811920166
0.44809815,0.7928125,0.45429555,0.7841666666666667,9.953029155731201
0.44809607,0.7928125,0.45429358,0.7841666666666667,9.954785108566284
0.44809392,0.7928125,0.45429152,0.7841666666666667,9.956568479537964
0.44809183,0.7928125,0.4542895,0.7841666666666667,9.958375215530396
0.44808966,0.7928125,0.4542874,0.7841666666666667,9.960134267807007
0.4480875,0.7928125,0.45428538,0.7841666666666667,9.961945295333862
0.4480855,0.7928125,0.4542834,0.7841666666666667,9.963698148727417
0.44808328,0.7928125,0.4542813,0.7841666666666667,9.965453147888184
0.4480812,0.7928125,0.45427933,0.7841666666666667,9.967209339141846
0.44807917,0.7928125,0.4542773,0.7841666666666667,9.96898365020752
0.44807702,0.7928125,0.45427522,0.7841666666666667,9.97073221206665
0.4480749,0.7928125,0.45427322,0.7841666666666667,9.972552061080933
0.44807282,0.7928125,0.45427123,0.7841666666666667,9.97429633140564
0.44807073,0.7928125,0.4542691,0.7841666666666667,9.976057291030884
0.4480686,0.7928125,0.4542671,0.7841666666666667,9.977808237075806
0.44806644,0.7928125,0.45426503,0.7841666666666667,9.979639291763306
0.44806433,0.7928125,0.45426306,0.7841666666666667,9.981398582458496
0.4480623,0.7928125,0.454261,0.7841666666666667,9.983147859573364
0.4480602,0.7928125,0.45425898,0.7841666666666667,9.984963417053223
0.448058,0.7928125,0.45425704,0.7841666666666667,9.986708641052246
0.44805592,0.7928125,0.45425493,0.7841666666666667,9.988522291183472
0.4480538,0.7928125,0.45425293,0.7841666666666667,9.990330696105957
0.44805172,0.7928125,0.45425093,0.7841666666666667,9.992083311080933
0.44804958,0.7928125,0.45424882,0.7841666666666667,9.993848323822021
0.4480475,0.7928125,0.4542468,0.7841666666666667,9.995599508285522
0.44804534,0.7928125,0.4542448,0.7841666666666667,9.997351169586182
0.44804323,0.7928125,0.45424277,0.7841666666666667,9.999098539352417
0.44804108,0.7928125,0.45424062,0.7841666666666667,10.000858783721924
0.44803894,0.7928125,0.45423853,0.7841666666666667,10.002665758132935
0.4480368,0.7928125,0.4542364,0.7841666666666667,10.004489421844482
0.44803476,0.7928125,0.45423442,0.7841666666666667,10.006300449371338
0.4480326,0.7928125,0.45423248,0.7841666666666667,10.008066654205322
0.4480305,0.7928125,0.4542305,0.7841666666666667,10.009812593460083
0.44802848,0.7928125,0.4542284,0.7841666666666667,10.011577367782593
0.44802627,0.7928125,0.4542265,0.7841666666666667,10.013383626937866
0.44802418,0.7928125,0.4542245,0.7841666666666667,10.015135526657104
0.4480221,0.7928125,0.45422256,0.7841666666666667,10.016899585723877
0.44802,0.7928125,0.45422068,0.7841666666666667,10.018656730651855
0.44801798,0.7928125,0.4542187,0.7841666666666667,10.02041482925415
0.44801584,0.7928125,0.45421672,0.7841666666666667,10.022228956222534
0.44801375,0.7928125,0.45421478,0.7841666666666667,10.023983240127563
0.44801164,0.7927083333333333,0.45421278,0.7841666666666667,10.025740385055542
0.44800958,0.7927083333333333,0.45421082,0.7841666666666667,10.027496337890625
0.44800746,0.7927083333333333,0.45420888,0.7841666666666667,10.029320240020752
0.44800532,0.7927083333333333,0.45420685,0.7841666666666667,10.031130313873291
0.4480033,0.7927083333333333,0.45420486,0.7841666666666667,10.032947063446045
0.44800127,0.7927083333333333,0.4542029,0.7841666666666667,10.034699201583862
0.44799912,0.7927083333333333,0.4542009,0.7841666666666667,10.036473035812378
0.44799703,0.7927083333333333,0.45419887,0.7841666666666667,10.038220405578613
0.44799495,0.7927083333333333,0.45419693,0.7841666666666667,10.039983749389648
0.44799286,0.7927083333333333,0.45419484,0.7841666666666667,10.041728734970093
0.44799078,0.7927083333333333,0.45419285,0.7841666666666667,10.043484449386597
0.4479887,0.7927083333333333,0.45419088,0.7841666666666667,10.045237302780151
0.44798666,0.7927083333333333,0.4541888,0.7841666666666667,10.047060489654541
0.44798452,0.7927083333333333,0.45418677,0.7841666666666667,10.048880815505981
0.44798243,0.7927083333333333,0.45418468,0.7841666666666667,10.050697326660156
0.44798034,0.7927083333333333,0.45418268,0.7841666666666667,10.052475452423096
0.44797826,0.7927083333333333,0.45418066,0.7841666666666667,10.054294109344482
0.44797623,0.7927083333333333,0.45417866,0.7841666666666667,10.056101322174072
0.4479741,0.7927083333333333,0.45417655,0.7841666666666667,10.057907342910767
0.447972,0.7927083333333333,0.4541744,0.7841666666666667,10.059717416763306
0.44796997,0.7927083333333333,0.45417222,0.7841666666666667,10.061525821685791
0.44796783,0.7927083333333333,0.45417008,0.7841666666666667,10.063289642333984
0.4479658,0.7927083333333333,0.45416787,0.7841666666666667,10.065057039260864
0.4479637,0.7927083333333333,0.4541657,0.7841666666666667,10.066813707351685
0.44796157,0.7927083333333333,0.45416355,0.7841666666666667,10.068649053573608
0.44795948,0.7927083333333333,0.45416132,0.7841666666666667,10.070467710494995
0.4479574,0.7927083333333333,0.45415914,0.7841666666666667,10.072282791137695
0.4479553,0.7926041666666667,0.45415697,0.7841666666666667,10.074034690856934
0.44795322,0.7926041666666667,0.45415488,0.7841666666666667,10.075859546661377
0.4479511,0.7926041666666667,0.45415273,0.7841666666666667,10.077632904052734
0.44794905,0.7926041666666667,0.4541506,0.7841666666666667,10.079427480697632
0.44794694,0.7926041666666667,0.45414835,0.7841666666666667,10.081192255020142
0.44794494,0.7926041666666667,0.45414633,0.7841666666666667,10.082943201065063
0.44794285,0.7926041666666667,0.45414418,0.7841666666666667,10.084766626358032
0.44794083,0.7926041666666667,0.45414206,0.7841666666666667,10.086576700210571
0.44793868,0.7926041666666667,0.45413998,0.7841666666666667,10.088350296020508
0.4479366,0.7926041666666667,0.4541379,0.7841666666666667,10.090111494064331
0.4479345,0.7926041666666667,0.45413584,0.7841666666666667,10.09186577796936
0.44793242,0.7926041666666667,0.45413375,0.7841666666666667,10.093620300292969
0.44793034,0.7926041666666667,0.45413166,0.7841666666666667,10.095436573028564
0.44792825,0.7926041666666667,0.45412958,0.7841666666666667,10.097208976745605
0.44792613,0.7926041666666667,0.4541276,0.7841666666666667,10.09895920753479
0.4479241,0.7926041666666667,0.45412537,0.7841666666666667,10.100719928741455
0.44792202,0.7926041666666667,0.45412338,0.7841666666666667,10.102537155151367
0.44791993,0.7926041666666667,0.45412123,0.7841666666666667,10.104296445846558
0.44791788,0.7926041666666667,0.4541192,0.7841666666666667,10.106115102767944
0.44791576,0.7926041666666667,0.45411712,0.7841666666666667,10.107935667037964
0.4479137,0.7926041666666667,0.45411515,0.7841666666666667,10.109682559967041
0.4479116,0.7926041666666667,0.454113,0.7841666666666667,10.111438274383545
0.44790953,0.7926041666666667,0.454111,0.7841666666666667,10.113202333450317
0.44790745,0.7926041666666667,0.4541089,0.7841666666666667,10.114963293075562
0.44790536,0.7926041666666667,0.45410684,0.7841666666666667,10.116782426834106
0.44790334,0.7926041666666667,0.4541048,0.7841666666666667,10.118589639663696
0.44790122,0.7926041666666667,0.4541027,0.7841666666666667,10.120400667190552
0.44789907,0.7926041666666667,0.45410043,0.7841666666666667,10.122146368026733
0.44789705,0.7926041666666667,0.4540982,0.7841666666666667,10.123969078063965
0.44789496,0.7926041666666667,0.45409593,0.7841666666666667,10.125732421875
0.44789287,0.7926041666666667,0.45409366,0.7841666666666667,10.127496719360352
0.4478908,0.7926041666666667,0.45409143,0.7841666666666667,10.129255294799805
0.44788858,0.7926041666666667,0.45408925,0.7841666666666667,10.131060123443604
0.44788656,0.7926041666666667,0.45408708,0.7841666666666667,10.132875442504883
0.44788447,0.7926041666666667,0.45408484,0.7841666666666667,10.134685277938843
0.44788232,0.7926041666666667,0.45408264,0.7841666666666667,10.136496782302856
0.4478803,0.7926041666666667,0.45408055,0.7841666666666667,10.138258457183838
0.44787815,0.7926041666666667,0.4540784,0.7841666666666667,10.140029668807983
0.44787604,0.7926041666666667,0.45407644,0.7841666666666667,10.141778707504272
0.44787395,0.7926041666666667,0.45407456,0.7841666666666667,10.143544912338257
0.4478719,0.7926041666666667,0.45407268,0.7841666666666667,10.145360231399536
0.4478698,0.7926041666666667,0.4540707,0.7841666666666667,10.147181272506714
0.44786775,0.7926041666666667,0.45406875,0.7841666666666667,10.148943662643433
0.44786566,0.7926041666666667,0.4540668,0.7841666666666667,10.150697469711304
0.44786358,0.7926041666666667,0.45406488,0.7841666666666667,10.152512550354004
0.44786152,0.7926041666666667,0.4540629,0.7841666666666667,10.15426516532898
0.4478594,0.7926041666666667,0.4540609,0.7841666666666667,10.156083822250366
0.44785735,0.7926041666666667,0.45405903,0.7841666666666667,10.15784478187561
0.44785526,0.7926041666666667,0.45405707,0.7841666666666667,10.159607410430908
0.44785318,0.7926041666666667,0.45405507,0.7841666666666667,10.161356687545776
0.4478511,0.7926041666666667,0.4540531,0.7841666666666667,10.163110256195068
0.44784907,0.7926041666666667,0.45405117,0.7841666666666667,10.16487169265747
0.4478469,0.7926041666666667,0.4540493,0.7841666666666667,10.166619777679443
0.44784486,0.7926041666666667,0.45404723,0.7841666666666667,10.168379545211792
0.4478428,0.7926041666666667,0.4540453,0.7841666666666667,10.170128583908081
0.44784072,0.7926041666666667,0.4540434,0.7841666666666667,10.171887397766113
0.44783863,0.7926041666666667,0.4540414,0.7841666666666667,10.173710823059082
0.4478366,0.7926041666666667,0.4540394,0.7841666666666667,10.175532579421997
0.44783446,0.7926041666666667,0.45403743,0.7841666666666667,10.177337169647217
0.44783235,0.7926041666666667,0.45403558,0.7841666666666667,10.179097414016724
0.4478303,0.7926041666666667,0.4540337,0.7841666666666667,10.18085503578186
0.4478282,0.7926041666666667,0.45403194,0.7841666666666667,10.182673215866089
0.44782618,0.7926041666666667,0.45403004,0.7841666666666667,10.184434652328491
0.44782415,0.7926041666666667,0.45402816,0.7841666666666667,10.186244010925293
0.44782206,0.7926041666666667,0.45402628,0.7841666666666667,10.188059568405151
0.44782004,0.7925,0.4540244,0.7841666666666667,10.189867973327637
0.44781798,0.7925,0.4540226,0.7841666666666667,10.191677808761597
0.4478159,0.7925,0.45402044,0.7841666666666667,10.193441390991211
0.44781378,0.7925,0.45401844,0.7841666666666667,10.195185422897339
0.44781172,0.7925,0.4540165,0.7841666666666667,10.196963548660278
0.4478097,0.7925,0.45401442,0.7841666666666667,10.19871211051941
0.4478076,0.7925,0.45401245,0.7841666666666667,10.200531482696533
0.44780552,0.7925,0.45401043,0.7841666666666667,10.20228099822998
0.44780344,0.7925,0.45400843,0.7841666666666667,10.204099655151367
0.44780135,0.7925,0.45400646,0.7841666666666667,10.20585322380066
0.44779932,0.7925,0.45400447,0.7841666666666667,10.207616329193115
0.4477973,0.7925,0.45400247,0.7841666666666667,10.209362983703613
0.4477952,0.7925,0.4540005,0.7841666666666667,10.211165189743042
0.4477932,0.7925,0.45399842,0.7841666666666667,10.212928056716919
0.4477911,0.7925,0.45399642,0.7841666666666667,10.214686632156372
0.447789,0.7925,0.45399445,0.7841666666666667,10.216447114944458
0.44778693,0.7925,0.4539924,0.7841666666666667,10.218190908432007
0.44778487,0.7925,0.4539905,0.7841666666666667,10.219957828521729
0.44778284,0.7925,0.45398855,0.7841666666666667,10.221766233444214
0.44778082,0.7926041666666667,0.45398656,0.7841666666666667,10.223583936691284
0.44777873,0.7926041666666667,0.45398462,0.7841666666666667,10.225393772125244
0.44777665,0.7926041666666667,0.4539827,0.7841666666666667,10.227149963378906
0.44777462,0.7926041666666667,0.45398077,0.7841666666666667,10.228965282440186
0.44777256,0.7926041666666667,0.45397884,0.7841666666666667,10.230773448944092
0.44777048,0.7926041666666667,0.453977,0.7841666666666667,10.232533693313599
0.44776845,0.7927083333333333,0.45397538,0.7841666666666667,10.2342848777771
0.44776642,0.7927083333333333,0.4539735,0.7841666666666667,10.236096143722534
0.44776434,0.7927083333333333,0.4539717,0.7841666666666667,10.237849473953247
0.44776225,0.7927083333333333,0.45396984,0.7841666666666667,10.239612340927124
0.44776025,0.7927083333333333,0.45396814,0.7841666666666667,10.241356372833252
0.44775817,0.7927083333333333,0.45396638,0.7841666666666667,10.243160247802734
0.44775608,0.7927083333333333,0.4539646,0.78375,10.2449791431427
0.447754,0.7927083333333333,0.45396286,0.78375,10.246732711791992
0.44775197,0.7927083333333333,0.453961,0.78375,10.248555183410645
0.44774994,0.7927083333333333,0.4539593,0.78375,10.250363826751709
0.44774792,0.7927083333333333,0.45395756,0.78375,10.252163410186768
0.44774583,0.7927083333333333,0.4539559,0.78375,10.253919124603271
0.44774374,0.7928125,0.45395407,0.78375,10.255684614181519
0.44774175,0.7928125,0.45395222,0.78375,10.257452249526978
0.44773972,0.7929166666666667,0.4539504,0.78375,10.259199857711792
0.44773763,0.7929166666666667,0.45394868,0.78375,10.261018514633179
0.44773555,0.7929166666666667,0.45394683,0.78375,10.262772798538208
0.44773352,0.7929166666666667,0.45394495,0.78375,10.264604806900024
0.44773147,0.7929166666666667,0.45394316,0.78375,10.266352891921997
0.44772944,0.7929166666666667,0.4539413,0.78375,10.268163442611694
0.44772735,0.7929166666666667,0.45393947,0.78375,10.269978523254395
0.44772533,0.7929166666666667,0.45393747,0.78375,10.271743535995483
0.4477233,0.7929166666666667,0.4539357,0.78375,10.273494243621826
0.4477212,0.7929166666666667,0.45393372,0.78375,10.275240421295166
0.44771922,0.7929166666666667,0.45393184,0.78375,10.277071952819824
0.4477172,0.7929166666666667,0.45392996,0.78375,10.278831720352173
0.44771504,0.7929166666666667,0.45392802,0.78375,10.280650854110718
0.44771302,0.7929166666666667,0.4539261,0.78375,10.282498359680176
0.44771102,0.7929166666666667,0.4539242,0.78375,10.284321546554565
0.44770893,0.7929166666666667,0.45392227,0.78375,10.286130428314209
0.44770685,0.7929166666666667,0.45392033,0.78375,10.287943124771118
0.44770488,0.7929166666666667,0.45391852,0.78375,10.289696216583252
0.44770285,0.7929166666666667,0.45391646,0.78375,10.291454315185547
0.44770077,0.7929166666666667,0.45391458,0.78375,10.293201923370361
0.4476987,0.7929166666666667,0.45391256,0.78375,10.2950119972229
0.4476967,0.7929166666666667,0.45391056,0.78375,10.2968270778656
0.44769466,0.7929166666666667,0.45390865,0.78375,10.29859209060669
0.44769257,0.7929166666666667,0.45390645,0.78375,10.300349950790405
0.44769052,0.7929166666666667,0.45390433,0.78375,10.30210542678833
0.44768855,0.7929166666666667,0.45390213,0.78375,10.303876399993896
0.44768655,0.7929166666666667,0.45389998,0.78375,10.305635213851929
0.44768447,0.7929166666666667,0.45389786,0.78375,10.307471752166748
0.44768244,0.7929166666666667,0.45389566,0.78375,10.309283018112183
0.4476804,0.7929166666666667,0.45389354,0.78375,10.311038494110107
0.4476784,0.7929166666666667,0.45389146,0.78375,10.312800168991089
0.4476763,0.7929166666666667,0.45388937,0.78375,10.31462550163269
0.4476743,0.7929166666666667,0.45388713,0.78375,10.316445112228394
0.44767228,0.7929166666666667,0.453885,0.78375,10.318195819854736
0.44767025,0.7929166666666667,0.4538828,0.78375,10.319954633712769
0.4476682,0.7929166666666667,0.45388058,0.78375,10.32176661491394
0.44766617,0.7929166666666667,0.4538785,0.78375,10.323660373687744
0.44766408,0.7929166666666667,0.4538763,0.78375,10.325483322143555
0.44766206,0.7929166666666667,0.4538742,0.78375,10.327237844467163
0.44766,0.7929166666666667,0.45387203,0.78375,10.32905387878418
0.44765797,0.7929166666666667,0.45386994,0.78375,10.33086109161377
0.4476559,0.7929166666666667,0.45386773,0.78375,10.332618236541748
0.44765386,0.7928125,0.4538657,0.78375,10.334375858306885
0.44765183,0.7928125,0.45386353,0.78375,10.336136102676392
0.44764984,0.7928125,0.45386145,0.78375,10.337940454483032
0.44764775,0.7928125,0.45385942,0.78375,10.339764833450317
0.44764572,0.7928125,0.45385727,0.78375,10.341521978378296
0.4476437,0.7928125,0.45385525,0.78375,10.343278646469116
0.44764164,0.7928125,0.45385316,0.78375,10.345033407211304
0.44763955,0.7928125,0.4538511,0.78375,10.346797227859497
0.44763753,0.7928125,0.45384908,0.78375,10.34856128692627
0.4476355,0.7928125,0.45384693,0.78375,10.350326538085938
0.44763348,0.7928125,0.45384485,0.78375,10.352083683013916
0.4476314,0.7928125,0.45384282,0.78375,10.353903770446777
0.4476294,0.7928125,0.4538408,0.78375,10.355660915374756
0.4476273,0.7927083333333333,0.45383877,0.78375,10.357421398162842
0.44762528,0.7927083333333333,0.4538367,0.78375,10.359299659729004
0.44762325,0.7927083333333333,0.45383468,0.78375,10.361117362976074
0.4476211,0.7927083333333333,0.4538326,0.78375,10.362880945205688
0.44761917,0.7927083333333333,0.45383063,0.78375,10.364691972732544
0.44761714,0.7927083333333333,0.45382854,0.78375,10.366447925567627
0.44761506,0.7927083333333333,0.45382655,0.78375,10.368210077285767
0.44761303,0.7927083333333333,0.4538244,0.78375,10.369953393936157
0.44761097,0.7927083333333333,0.45382243,0.78375,10.37172269821167
0.4476089,0.7927083333333333,0.4538204,0.78375,10.3734769821167
0.44760686,0.7927083333333333,0.45381835,0.78375,10.375290632247925
0.44760484,0.7927083333333333,0.45381632,0.78375,10.377103805541992
0.44760278,0.7927083333333333,0.4538143,0.78375,10.378853559494019
0.44760072,0.7927083333333333,0.45381224,0.78375,10.38060736656189
0.44759873,0.7927083333333333,0.45381027,0.78375,10.38241696357727
0.4475967,0.7927083333333333,0.45380828,0.78375,10.384236335754395
0.4475946,0.7927083333333333,0.45380625,0.78375,10.386053085327148
0.44759256,0.7927083333333333,0.4538041,0.78375,10.387821197509766
0.44759053,0.7927083333333333,0.4538022,0.78375,10.389636039733887
0.44758844,0.7927083333333333,0.4538001,0.78375,10.391477108001709
0.44758648,0.7927083333333333,0.45379817,0.78375,10.393294095993042
0.44758442,0.7927083333333333,0.4537961,0.78375,10.395056962966919
0.4475824,0.7927083333333333,0.45379415,0.78375,10.396820068359375
0.44758037,0.7927083333333333,0.45379212,0.78375,10.398633480072021
0.44757837,0.7927083333333333,0.45379013,0.78375,10.400410652160645
0.44757625,0.7927083333333333,0.45378816,0.78375,10.402217626571655
0.4475742,0.7927083333333333,0.4537861,0.78375,10.403982639312744
0.44757217,0.7927083333333333,0.45378408,0.78375,10.405733823776245
0.44757015,0.7928125,0.45378193,0.78375,10.407495737075806
0.44756815,0.7928125,0.4537799,0.78375,10.409252882003784
0.44756606,0.7928125,0.4537779,0.78375,10.411001205444336
0.44756413,0.7928125,0.45377585,0.78375,10.412758350372314
0.44756204,0.7928125,0.45377386,0.78375,10.41451096534729
0.44756,0.7928125,0.45377183,0.78375,10.416276931762695
0.447558,0.7928125,0.45376974,0.78375,10.418026208877563
0.447556,0.7928125,0.4537678,0.78375,10.419857740402222
0.44755396,0.7928125,0.45376578,0.78375,10.421627283096313
0.44755194,0.7928125,0.45376378,0.78375,10.423468589782715
0.4475499,0.7928125,0.4537617,0.78375,10.425226211547852
0.44754785,0.7928125,0.4537597,0.78375,10.427035331726074
0.44754577,0.7928125,0.45375767,0.78375,10.428869247436523
0.4475438,0.7928125,0.4537557,0.78375,10.430625200271606
0.4475417,0.7928125,0.4537537,0.78375,10.432388305664062
0.44753972,0.7928125,0.45375174,0.78375,10.434190273284912
0.4475377,0.7928125,0.45374975,0.78375,10.436011791229248
0.44753566,0.7928125,0.45374772,0.78375,10.437767267227173
0.44753358,0.7928125,0.45374578,0.78375,10.439531564712524
0.44753158,0.7928125,0.4537437,0.78375,10.441346406936646
0.4475296,0.7928125,0.4537417,0.78375,10.443103313446045
0.44752756,0.7928125,0.45373967,0.78375,10.444867849349976
0.44752553,0.7928125,0.45373765,0.78375,10.446684837341309
0.4475235,0.7928125,0.45373565,0.78375,10.448463201522827
0.44752142,0.7928125,0.45373368,0.78375,10.450273752212524
0.44751942,0.7928125,0.4537317,0.78375,10.452084064483643
0.4475174,0.7928125,0.45372972,0.78375,10.453836441040039
0.44751537,0.7928125,0.45372772,0.78375,10.45566201210022
0.4475133,0.7928125,0.45372573,0.78375,10.457418203353882
0.44751135,0.7928125,0.4537237,0.78375,10.459229707717896
0.44750926,0.7928125,0.45372167,0.78375,10.461002111434937
0.44750726,0.7928125,0.45371968,0.78375,10.462804317474365
0.44750518,0.7928125,0.45371765,0.78375,10.46463680267334
0.4475032,0.7928125,0.45371583,0.78375,10.466412544250488
0.44750118,0.7928125,0.45371377,0.78375,10.468172311782837
0.4474992,0.7928125,0.45371175,0.78375,10.469930410385132
0.4474971,0.7928125,0.4537098,0.78375,10.471694946289062
0.4474951,0.7928125,0.45370784,0.78375,10.473451614379883
0.44749308,0.7928125,0.4537058,0.78375,10.475279569625854
0.44749105,0.7928125,0.4537039,0.78375,10.47704029083252
0.44748902,0.7928125,0.45370194,0.78375,10.478849649429321
0.44748703,0.7928125,0.4536999,0.78375,10.48060655593872
0.447485,0.7928125,0.45369792,0.78375,10.482422590255737
0.44748297,0.7928125,0.45369598,0.78375,10.484196186065674
0.44748098,0.7928125,0.45369405,0.78375,10.485978841781616
0.44747895,0.7928125,0.45369208,0.78375,10.487743854522705
0.44747686,0.7928125,0.45369008,0.78375,10.489501714706421
0.44747487,0.7928125,0.4536881,0.78375,10.491309404373169
0.44747284,0.7928125,0.4536862,0.78375,10.493076801300049
0.4474708,0.7928125,0.45368424,0.78375,10.494892358779907
0.44746882,0.7928125,0.4536823,0.78375,10.496649026870728
0.4474668,0.7928125,0.45368037,0.78375,10.498398303985596
0.44746476,0.7928125,0.45367834,0.78375,10.500215768814087
0.4474627,0.7928125,0.45367634,0.78375,10.502020835876465
0.44746077,0.7928125,0.45367447,0.78375,10.503821849822998
0.4474587,0.7928125,0.4536725,0.78375,10.5057373046875
0.44745666,0.7928125,0.45367056,0.78375,10.50749397277832
0.4474547,0.7928125,0.45366862,0.78375,10.509242296218872
0.44745263,0.7928125,0.45366663,0.78375,10.51105284690857
0.4474506,0.7928125,0.4536647,0.78375,10.512865543365479
0.44744867,0.7928125,0.4536628,0.78375,10.51462173461914
0.44744664,0.7928125,0.45366085,0.78375,10.516437768936157
0.44744465,0.7928125,0.45365885,0.78375,10.518241882324219
0.44744262,0.7928125,0.45365697,0.78375,10.520008325576782
0.4474406,0.7927083333333333,0.45365497,0.78375,10.521764039993286
0.44743857,0.7927083333333333,0.4536531,0.78375,10.523528337478638
0.4474365,0.7927083333333333,0.45365113,0.78375,10.525346279144287
0.44743448,0.7927083333333333,0.4536492,0.78375,10.527106046676636
0.44743246,0.7927083333333333,0.4536472,0.78375,10.52887487411499
0.44743043,0.7927083333333333,0.45364526,0.78375,10.530627250671387
0.44742838,0.7927083333333333,0.45364335,0.78375,10.5324547290802
0.4474264,0.7927083333333333,0.45364136,0.78375,10.534260034561157
0.44742438,0.7927083333333333,0.45363942,0.78375,10.536064147949219
0.44742233,0.7927083333333333,0.45363748,0.78375,10.537873268127441
0.4474203,0.7927083333333333,0.4536356,0.78375,10.5396409034729
0.4474183,0.7927083333333333,0.45363364,0.78375,10.541385412216187
0.44741622,0.7927083333333333,0.4536317,0.78375,10.543192863464355
0.44741425,0.7927083333333333,0.45362985,0.78375,10.544950485229492
0.44741222,0.7927083333333333,0.45362794,0.78375,10.546747207641602
0.44741014,0.7927083333333333,0.45362595,0.78375,10.548572301864624
0.4474082,0.7927083333333333,0.45362407,0.78375,10.55038046836853
0.4474061,0.7927083333333333,0.45362213,0.78375,10.552194595336914
0.44740412,0.7927083333333333,0.4536201,0.78375,10.553954362869263
0.44740203,0.7927083333333333,0.45361826,0.78375,10.555720806121826
0.4474,0.7927083333333333,0.4536163,0.78375,10.557526350021362
0.44739798,0.7927083333333333,0.4536144,0.78375,10.559270858764648
0.44739598,0.7927083333333333,0.45361242,0.78375,10.561033725738525
0.44739395,0.7927083333333333,0.45361042,0.78375,10.562795639038086
0.44739193,0.7927083333333333,0.4536087,0.78375,10.564619541168213
0.44738987,0.7927083333333333,0.45360696,0.78375,10.56636118888855
0.44738784,0.7927083333333333,0.4536051,0.78375,10.568172931671143
0.44738588,0.7927083333333333,0.4536033,0.78375,10.569920301437378
0.44738388,0.7927083333333333,0.45360142,0.78375,10.571730136871338
0.44738185,0.7927083333333333,0.45359954,0.78375,10.57348895072937
0.44737986,0.7927083333333333,0.45359772,0.78375,10.575236558914185
0.44737783,0.7927083333333333,0.45359588,0.78375,10.577046394348145
0.4473758,0.7927083333333333,0.45359412,0.78375,10.578861236572266
0.4473738,0.7927083333333333,0.45359218,0.78375,10.580614566802979
0.44737178,0.7927083333333333,0.4535903,0.78375,10.582433223724365
0.44736978,0.7927083333333333,0.4535884,0.78375,10.584243774414062
0.44736776,0.7927083333333333,0.45358658,0.78375,10.585997819900513
0.44736582,0.7927083333333333,0.4535847,0.78375,10.587828636169434
0.44736373,0.7927083333333333,0.45358282,0.78375,10.589592695236206
0.44736177,0.7927083333333333,0.45358098,0.78375,10.591413974761963
0.4473597,0.7926041666666667,0.45357904,0.78375,10.593165159225464
0.44735777,0.7926041666666667,0.45357716,0.78375,10.594912052154541
0.44735575,0.7926041666666667,0.45357528,0.78375,10.5967276096344
0.44735372,0.7926041666666667,0.45357347,0.78375,10.59848427772522
0.44735172,0.7926041666666667,0.45357162,0.78375,10.600245714187622
0.4473497,0.7926041666666667,0.45356968,0.78375,10.601984739303589
0.44734773,0.7926041666666667,0.4535678,0.78375,10.60374641418457
0.44734573,0.7926041666666667,0.45356598,0.78375,10.605502128601074
0.4473437,0.7926041666666667,0.453564,0.78375,10.607254028320312
0.4473417,0.7926041666666667,0.4535621,0.78375,10.609018564224243
0.44733974,0.7926041666666667,0.45356017,0.78375,10.610831022262573
0.4473377,0.7926041666666667,0.4535583,0.78375,10.612587690353394
0.44733572,0.7926041666666667,0.45355648,0.78375,10.614368200302124
0.44733378,0.7926041666666667,0.4535547,0.78375,10.616135120391846
0.44733176,0.7927083333333333,0.4535529,0.78375,10.61790132522583
0.4473297,0.7927083333333333,0.45355108,0.78375,10.619662284851074
0.44732767,0.7927083333333333,0.45354936,0.78375,10.621416330337524
0.4473257,0.7927083333333333,0.45354742,0.78375,10.62323522567749
0.4473237,0.7927083333333333,0.45354557,0.78375,10.62505841255188
0.4473217,0.7927083333333333,0.4535438,0.78375,10.626805305480957
0.4473197,0.7927083333333333,0.45354202,0.78375,10.628579378128052
0.44731766,0.7927083333333333,0.4535402,0.78375,10.630391597747803
0.44731572,0.7927083333333333,0.4535383,0.78375,10.632142782211304
0.4473137,0.7927083333333333,0.45353648,0.78375,10.633968353271484
0.4473117,0.7927083333333333,0.4535347,0.78375,10.63573694229126
0.44730967,0.7927083333333333,0.45353287,0.78375,10.637497425079346
0.44730768,0.7927083333333333,0.453531,0.78375,10.639304399490356
0.44730565,0.7927083333333333,0.45352906,0.78375,10.641113042831421
0.4473037,0.7927083333333333,0.4535272,0.78375,10.642920732498169
0.4473017,0.7927083333333333,0.4535254,0.78375,10.644721984863281
0.44729966,0.7927083333333333,0.45352355,0.78375,10.646485328674316
0.44729766,0.7927083333333333,0.45352173,0.78375,10.64830470085144
0.4472957,0.7927083333333333,0.45351985,0.78375,10.650112390518188
0.44729364,0.7927083333333333,0.45351806,0.78375,10.651878595352173
0.44729167,0.7927083333333333,0.45351613,0.78375,10.653629541397095
0.44728968,0.7927083333333333,0.4535143,0.78375,10.655388116836548
0.44728774,0.7927083333333333,0.45351243,0.78375,10.657171964645386
0.44728565,0.7927083333333333,0.4535105,0.78375,10.658981561660767
0.4472837,0.7927083333333333,0.45350862,0.78375,10.66074514389038
0.4472817,0.7927083333333333,0.45350674,0.78375,10.662562847137451
0.44727972,0.7927083333333333,0.45350483,0.78375,10.664333820343018
0.44727764,0.7927083333333333,0.45350295,0.78375,10.666093587875366
0.4472757,0.7927083333333333,0.45350102,0.78375,10.667916297912598
0.4472737,0.7927083333333333,0.4534991,0.78375,10.669726610183716
0.44727173,0.7927083333333333,0.4534972,0.78375,10.671503067016602
0.44726974,0.7927083333333333,0.45349538,0.78375,10.673264741897583
0.44726777,0.7927083333333333,0.4534934,0.78375,10.675049543380737
0.4472657,0.7927083333333333,0.4534915,0.78375,10.676839828491211
0.4472637,0.7927083333333333,0.45348963,0.78375,10.678613662719727
0.44726175,0.7927083333333333,0.4534877,0.78375,10.680374145507812
0.44725978,0.7927083333333333,0.45348588,0.78375,10.682122707366943
0.4472578,0.7927083333333333,0.453484,0.78375,10.683877944946289
0.44725582,0.7927083333333333,0.45348212,0.78375,10.685644149780273
0.44725376,0.7927083333333333,0.45348027,0.78375,10.687390804290771
0.4472518,0.7927083333333333,0.4534784,0.78375,10.689181089401245
0.4472498,0.7927083333333333,0.45347655,0.78375,10.691001415252686
0.44724777,0.7927083333333333,0.45347464,0.78375,10.69276213645935
0.44724584,0.7927083333333333,0.45347273,0.78375,10.69452691078186
0.4472438,0.7927083333333333,0.45347092,0.78375,10.696339845657349
0.44724187,0.7927083333333333,0.45346904,0.78375,10.698085069656372
0.44723988,0.7927083333333333,0.45346716,0.78375,10.699851751327515
0.4472379,0.7927083333333333,0.4534653,0.78375,10.701654195785522
0.4472359,0.7927083333333333,0.4534635,0.78375,10.703478813171387
0.44723395,0.7927083333333333,0.45346156,0.78375,10.705236911773682
0.44723195,0.7927083333333333,0.45345974,0.78375,10.706989526748657
0.44722998,0.7927083333333333,0.45345783,0.78375,10.708753824234009
0.44722798,0.7927083333333333,0.45345595,0.78375,10.7105073928833
0.44722602,0.7927083333333333,0.45345414,0.78375,10.712275266647339
0.44722402,0.7927083333333333,0.4534523,0.78375,10.714081764221191
0.44722202,0.7927083333333333,0.45345038,0.78375,10.715899467468262
0.44722,0.7927083333333333,0.45344853,0.78375,10.717652082443237
0.44721806,0.7927083333333333,0.45344675,0.78375,10.719401359558105
0.44721603,0.7927083333333333,0.45344487,0.78375,10.721164226531982
0.44721404,0.7927083333333333,0.453443,0.78375,10.722972631454468
0.44721216,0.7927083333333333,0.4534411,0.78375,10.724738597869873
0.4472102,0.7927083333333333,0.45343938,0.78375,10.726547002792358
0.4472082,0.7927083333333333,0.4534375,0.78375,10.728305339813232
0.44720623,0.7927083333333333,0.45343557,0.78375,10.730056524276733
0.44720423,0.7927083333333333,0.4534337,0.78375,10.731882095336914
0.44720224,0.7927083333333333,0.45343176,0.78375,10.733683109283447
0.44720027,0.7927083333333333,0.45342988,0.78375,10.735527992248535
0.44719827,0.7927083333333333,0.453428,0.78375,10.737287998199463
0.44719625,0.7927083333333333,0.45342606,0.78375,10.739047527313232
0.4471943,0.7927083333333333,0.45342427,0.78375,10.740809440612793
0.44719234,0.7927083333333333,0.45342234,0.78375,10.742563962936401
0.44719034,0.7927083333333333,0.45342052,0.78375,10.74437952041626
0.44718838,0.7927083333333333,0.45341864,0.78375,10.746196985244751
0.44718638,0.7927083333333333,0.45341673,0.78375,10.747959852218628
0.44718444,0.7927083333333333,0.453415,0.78375,10.749772548675537
0.44718248,0.7927083333333333,0.4534131,0.78375,10.751542329788208
0.44718042,0.7926041666666667,0.45341146,0.78375,10.753350019454956
0.44717848,0.7926041666666667,0.45340973,0.78375,10.75516128540039
0.44717652,0.7926041666666667,0.45340794,0.78375,10.756924867630005
0.44717452,0.7926041666666667,0.45340627,0.78375,10.758689403533936
0.4471726,0.7926041666666667,0.45340455,0.78375,10.760458707809448
0.44717062,0.7926041666666667,0.45340276,0.78375,10.762224197387695
0.44716868,0.7926041666666667,0.45340103,0.78375,10.763986825942993
0.44716665,0.7926041666666667,0.45339924,0.78375,10.765807628631592
0.44716477,0.7926041666666667,0.45339742,0.78375,10.767634391784668
0.44716272,0.7926041666666667,0.4533957,0.78375,10.769457578659058
0.4471608,0.7926041666666667,0.4533939,0.78375,10.771219730377197
0.4471588,0.7926041666666667,0.45339212,0.78375,10.772977352142334
0.44715682,0.7926041666666667,0.45339036,0.78375,10.774784803390503
0.44715494,0.7926041666666667,0.45338857,0.78375,10.776593446731567
0.4471529,0.7926041666666667,0.45338675,0.78375,10.778404951095581
0.44715104,0.7926041666666667,0.453385,0.78375,10.780170917510986
0.447149,0.7926041666666667,0.45338318,0.78375,10.781934976577759
0.44714707,0.7926041666666667,0.4533813,0.78375,10.783702850341797
0.44714507,0.7926041666666667,0.4533795,0.78375,10.785459995269775
0.44714314,0.7926041666666667,0.4533777,0.78375,10.787214756011963
0.4471412,0.7926041666666667,0.4533759,0.78375,10.78898286819458
0.44713923,0.7926041666666667,0.4533741,0.78375,10.790742874145508
0.44713724,0.7926041666666667,0.4533723,0.78375,10.792569637298584
0.44713533,0.7926041666666667,0.45337045,0.78375,10.79433536529541
0.4471334,0.7926041666666667,0.45336863,0.78375,10.796100616455078
0.4471314,0.7926041666666667,0.45336685,0.78375,10.797852754592896
0.44712937,0.7926041666666667,0.45336503,0.78375,10.799679040908813
0.4471275,0.7926041666666667,0.45336315,0.78375,10.80155086517334
0.4471255,0.7926041666666667,0.4533613,0.78375,10.803375244140625
0.44712356,0.7926041666666667,0.45335948,0.78375,10.805137157440186
0.4471216,0.7926041666666667,0.4533577,0.78375,10.806946992874146
0.4471196,0.7926041666666667,0.45335588,0.78375,10.808763265609741
0.44711766,0.7926041666666667,0.4533541,0.78375,10.810569524765015
0.44711572,0.7926041666666667,0.4533523,0.78375,10.812390327453613
0.44711375,0.7926041666666667,0.45335048,0.78375,10.814145565032959
0.44711182,0.7926041666666667,0.45334864,0.78375,10.815907955169678
0.44710988,0.7926041666666667,0.45334682,0.78375,10.817728281021118
0.4471079,0.7926041666666667,0.45334494,0.78375,10.819491147994995
0.4471059,0.7926041666666667,0.4533432,0.78375,10.82124662399292
0.44710398,0.7926041666666667,0.45334136,0.78375,10.823058366775513
0.447102,0.7926041666666667,0.45333958,0.78375,10.824883460998535
0.44710007,0.7926041666666667,0.45333782,0.78375,10.82669734954834
0.44709814,0.7928125,0.45333597,0.78375,10.828457593917847
0.44709614,0.7928125,0.4533342,0.7841666666666667,10.830209732055664
0.44709423,0.7928125,0.45333242,0.7841666666666667,10.831962585449219
0.44709224,0.7928125,0.45333064,0.7841666666666667,10.833709001541138
0.4470903,0.7928125,0.45332876,0.7841666666666667,10.835529565811157
0.44708833,0.7928125,0.45332703,0.7841666666666667,10.83728814125061
0.4470864,0.7928125,0.45332518,0.7841666666666667,10.83905553817749
0.4470844,0.7928125,0.45332336,0.7841666666666667,10.840809345245361
0.44708246,0.7928125,0.45332158,0.7841666666666667,10.842568397521973
0.4470805,0.7928125,0.45331985,0.7841666666666667,10.844329595565796
0.44707856,0.7928125,0.45331803,0.7841666666666667,10.84609603881836
0.44707662,0.7928125,0.45331618,0.7841666666666667,10.847860097885132
0.44707468,0.7928125,0.45331442,0.7841666666666667,10.849627494812012
0.4470727,0.7928125,0.45331258,0.7841666666666667,10.851447343826294
0.44707078,0.7928125,0.45331085,0.7841666666666667,10.853204011917114
0.44706878,0.7928125,0.45330906,0.7841666666666667,10.855023384094238
0.4470669,0.7928125,0.45330724,0.7841666666666667,10.856837749481201
0.4470649,0.7928125,0.45330545,0.7841666666666667,10.858588218688965
0.447063,0.7928125,0.45330364,0.7841666666666667,10.860345602035522
0.4470611,0.7928125,0.4533019,0.7841666666666667,10.862096071243286
0.44705912,0.7928125,0.45330012,0.7841666666666667,10.863867282867432
0.4470572,0.7928125,0.45329833,0.7841666666666667,10.86562466621399
0.44705522,0.7928125,0.45329657,0.7841666666666667,10.867377758026123
0.44705328,0.7928125,0.45329484,0.7841666666666667,10.86919903755188
0.44705135,0.7928125,0.45329294,0.7841666666666667,10.871014595031738
0.44704935,0.7928125,0.45329127,0.7841666666666667,10.87283205986023
0.44704738,0.7928125,0.4532894,0.7841666666666667,10.874595165252686
0.44704545,0.7928125,0.45328757,0.7841666666666667,10.876359224319458
0.4470435,0.7928125,0.45328566,0.7841666666666667,10.878121614456177
0.44704157,0.7928125,0.4532838,0.7841666666666667,10.879885196685791
0.44703954,0.7928125,0.45328197,0.7841666666666667,10.881646394729614
0.4470377,0.7928125,0.45328018,0.7841666666666667,10.883471488952637
0.44703573,0.7928125,0.45327824,0.7841666666666667,10.885272741317749
0.4470338,0.7928125,0.45327646,0.7841666666666667,10.887035608291626
0.44703186,0.7928125,0.45327458,0.7841666666666667,10.888797521591187
0.4470299,0.7928125,0.45327282,0.7841666666666667,10.8905508518219
0.44702795,0.7928125,0.45327088,0.7841666666666667,10.892337083816528
0.44702595,0.7928125,0.4532689,0.7841666666666667,10.894093751907349
0.44702408,0.7928125,0.453267,0.7841666666666667,10.895856857299805
0.44702208,0.7928125,0.45326513,0.7841666666666667,10.897666454315186
0.4470201,0.7929166666666667,0.45326328,0.7841666666666667,10.899489402770996
0.44701812,0.7929166666666667,0.45326152,0.7841666666666667,10.901246309280396
0.4470162,0.7929166666666667,0.45325968,0.7841666666666667,10.903000593185425
0.44701427,0.7929166666666667,0.45325786,0.7841666666666667,10.904754638671875
0.44701234,0.7929166666666667,0.453256,0.7841666666666667,10.906559228897095
0.4470104,0.7929166666666667,0.4532542,0.7841666666666667,10.908317565917969
0.44700846,0.7929166666666667,0.45325226,0.7841666666666667,10.910074234008789
0.4470065,0.7929166666666667,0.45325047,0.7841666666666667,10.911835193634033
0.44700456,0.7929166666666667,0.45324865,0.7841666666666667,10.91358995437622
0.44700256,0.7929166666666667,0.45324698,0.7841666666666667,10.915342807769775
0.44700068,0.7929166666666667,0.45324525,0.7841666666666667,10.917162656784058
0.44699875,0.7929166666666667,0.45324367,0.7841666666666667,10.918923377990723
0.44699678,0.7929166666666667,0.45324194,0.7841666666666667,10.920686483383179
0.44699484,0.7929166666666667,0.45324036,0.7841666666666667,10.92249846458435
0.4469929,0.7929166666666667,0.45323873,0.7841666666666667,10.924318552017212
0.44699103,0.7929166666666667,0.45323706,0.7841666666666667,10.926073789596558
0.44698903,0.7929166666666667,0.45323536,0.78375,10.927841901779175
0.44698706,0.7928125,0.45323363,0.78375,10.929599285125732
0.44698516,0.7927083333333333,0.45323196,0.78375,10.931418657302856
0.4469832,0.7927083333333333,0.45323023,0.78375,10.933227300643921
0.4469813,0.7927083333333333,0.4532285,0.78375,10.934985876083374
0.44697937,0.7927083333333333,0.45322677,0.78375,10.936802625656128
0.44697744,0.7927083333333333,0.4532251,0.78375,10.938607931137085
0.44697544,0.7927083333333333,0.45322332,0.78375,10.940429210662842
0.44697356,0.7927083333333333,0.45322165,0.78375,10.942238330841064
0.44697163,0.7927083333333333,0.45321986,0.78375,10.944050550460815
0.44696972,0.7927083333333333,0.45321813,0.78375,10.94585657119751
0.44696778,0.7927083333333333,0.45321634,0.78375,10.947667837142944
0.44696584,0.7927083333333333,0.45321456,0.78375,10.94942593574524
0.44696385,0.7927083333333333,0.45321283,0.78375,10.951172828674316
0.44696197,0.7928125,0.4532111,0.78375,10.95293378829956
0.44696003,0.7928125,0.45320928,0.78375,10.95474100112915
0.44695815,0.7928125,0.45320746,0.78375,10.956556558609009
0.4469562,0.7928125,0.4532057,0.78375,10.958356618881226
0.44695428,0.7928125,0.45320395,0.78375,10.960127830505371
0.4469523,0.7928125,0.45320216,0.78375,10.961935043334961
0.44695038,0.7928125,0.45320037,0.78375,10.963759422302246
0.4469485,0.7928125,0.45319855,0.78375,10.965559959411621
0.44694656,0.7928125,0.45319676,0.78375,10.967313289642334
0.44694462,0.7928125,0.45319498,0.78375,10.969072341918945
0.44694275,0.7928125,0.45319316,0.78375,10.970890045166016
0.44694078,0.7928125,0.45319137,0.78375,10.972703695297241
0.44693884,0.7928125,0.45318958,0.78375,10.974465131759644
0.44693685,0.7928125,0.45318782,0.78375,10.976226329803467
0.44693497,0.7928125,0.45318595,0.78375,10.97798752784729
0.44693303,0.7928125,0.45318425,0.78375,10.97979736328125
0.44693115,0.7928125,0.4531825,0.78375,10.98159909248352
0.44692922,0.7928125,0.4531807,0.78375,10.98335599899292
0.44692728,0.7928125,0.45317882,0.78375,10.985116004943848
0.44692534,0.7928125,0.4531771,0.78375,10.986927032470703
0.44692346,0.7928125,0.45317525,0.78375,10.988677978515625
0.4469215,0.7928125,0.45317352,0.78375,10.990492105484009
0.44691962,0.7928125,0.45317173,0.78375,10.992308855056763
0.4469177,0.7928125,0.4531699,0.78375,10.994112014770508
0.4469158,0.7928125,0.45316818,0.78375,10.99587345123291
0.44691387,0.7928125,0.45316637,0.78375,10.997627258300781
0.44691193,0.7928125,0.45316458,0.78375,10.999446153640747
0.44691,0.7928125,0.4531628,0.78375,11.001250743865967
0.44690806,0.7928125,0.4531609,0.78375,11.003003358840942
0.44690618,0.7928125,0.45315906,0.78375,11.004814147949219
0.44690424,0.7928125,0.4531573,0.78375,11.006567239761353
0.4469023,0.7928125,0.45315543,0.78375,11.00839114189148
0.44690037,0.7928125,0.45315364,0.78375,11.010197162628174
0.44689846,0.7928125,0.45315185,0.78375,11.011961221694946
0.44689652,0.7928125,0.45315003,0.78375,11.01370882987976
0.44689465,0.7928125,0.45314825,0.78375,11.015520334243774
0.44689265,0.7928125,0.45314652,0.78375,11.017383337020874
0.44689083,0.7928125,0.45314464,0.78375,11.01918911933899
0.44688883,0.7928125,0.45314285,0.78375,11.02094578742981
0.44688696,0.7928125,0.45314103,0.78375,11.022700548171997
0.44688502,0.7928125,0.45313925,0.78375,11.024465799331665
0.44688302,0.7928125,0.45313746,0.78375,11.02621579170227
0.44688115,0.7928125,0.45313564,0.78375,11.027984380722046
0.4468792,0.7928125,0.45313385,0.78375,11.029803276062012
0.44687733,0.7928125,0.45313212,0.78375,11.03162693977356
0.4468754,0.7928125,0.45313025,0.78375,11.033423900604248
0.4468735,0.7928125,0.45312852,0.78375,11.035224437713623
0.44687155,0.7928125,0.45312673,0.78375,11.036993026733398
0.4468696,0.7928125,0.45312485,0.78375,11.038798332214355
0.44686767,0.7928125,0.45312312,0.78375,11.040558338165283
0.4468658,0.7928125,0.45312127,0.78375,11.042309045791626
0.44686386,0.7928125,0.45311952,0.78375,11.044065475463867
0.44686198,0.7928125,0.45311773,0.78375,11.045817375183105
0.44686005,0.7928125,0.45311594,0.78375,11.04757571220398
0.44685805,0.7928125,0.45311427,0.78375,11.049394369125366
0.44685623,0.7928125,0.4531126,0.78375,11.051200151443481
0.44685423,0.7928125,0.4531108,0.78375,11.053013801574707
0.44685233,0.7928125,0.45310917,0.78375,11.05482530593872
0.44685048,0.7928125,0.4531074,0.78375,11.05664348602295
0.44684854,0.7928125,0.45310563,0.78375,11.058396577835083
0.4468466,0.7928125,0.45310378,0.78375,11.060211420059204
0.4468447,0.7928125,0.45310202,0.78375,11.062021970748901
0.4468428,0.7928125,0.4531003,0.78375,11.063782453536987
0.4468409,0.7928125,0.45309857,0.78375,11.065536975860596
0.44683897,0.7928125,0.45309666,0.78375,11.067293882369995
0.44683707,0.7928125,0.4530949,0.78375,11.069056272506714
0.44683516,0.7928125,0.45309305,0.78375,11.070806980133057
0.44683325,0.7928125,0.45309126,0.78375,11.072574615478516
0.44683126,0.7928125,0.45308954,0.78375,11.07433533668518
0.44682938,0.7928125,0.45308787,0.78375,11.076151371002197
0.44682744,0.7927083333333333,0.453086,0.78375,11.07796573638916
0.44682556,0.7927083333333333,0.45308405,0.78375,11.079781532287598
0.44682363,0.7927083333333333,0.4530821,0.78375,11.081542015075684
0.4468217,0.7927083333333333,0.45308024,0.78375,11.083304643630981
0.4468198,0.7927083333333333,0.45307836,0.78375,11.085063219070435
0.44681787,0.7927083333333333,0.45307642,0.78375,11.08681869506836
0.44681594,0.7928125,0.4530746,0.78375,11.088583707809448
0.44681406,0.7928125,0.45307267,0.78375,11.090404272079468
0.44681212,0.7928125,0.45307082,0.78375,11.092236518859863
0.44681016,0.7928125,0.453069,0.78375,11.094042301177979
0.44680828,0.7928125,0.45306718,0.78375,11.095879316329956
0.44680634,0.7928125,0.45306528,0.78375,11.097650051116943
0.44680446,0.7928125,0.4530634,0.78375,11.099400758743286
0.44680247,0.7928125,0.45306158,0.78375,11.10116195678711
0.4468006,0.7928125,0.4530598,0.78375,11.102926254272461
0.4467986,0.7928125,0.45305797,0.78375,11.104686498641968
0.44679672,0.7928125,0.4530562,0.78375,11.10645079612732
0.44679478,0.7929166666666667,0.45305425,0.78375,11.10828185081482
0.44679287,0.7929166666666667,0.45305246,0.78375,11.110036849975586
0.44679096,0.7929166666666667,0.4530507,0.78375,11.111815690994263
0.4467891,0.7929166666666667,0.45304897,0.78375,11.113787412643433
0.44678712,0.7929166666666667,0.45304713,0.78375,11.115662097930908
0.44678524,0.7929166666666667,0.45304534,0.78375,11.117485761642456
0.44678333,0.7929166666666667,0.4530436,0.78375,11.11928915977478
0.44678143,0.7929166666666667,0.4530418,0.78375,11.121057033538818
0.4467795,0.7929166666666667,0.45304006,0.78375,11.122859477996826
0.44677755,0.7929166666666667,0.45303828,0.78375,11.124677419662476
0.44677562,0.7929166666666667,0.4530364,0.78375,11.126431941986084
0.44677374,0.7929166666666667,0.45303467,0.78375,11.128221035003662
0.4467718,0.7929166666666667,0.45303294,0.78375,11.130044221878052
0.44676992,0.7928125,0.4530311,0.78375,11.13180422782898
0.446768,0.7928125,0.45302933,0.78375,11.133610963821411
0.44676605,0.7928125,0.4530278,0.78375,11.135365009307861
0.44676417,0.7928125,0.45302624,0.78375,11.137126445770264
0.44676223,0.7928125,0.4530246,0.78375,11.138882160186768
0.44676036,0.7927083333333333,0.45302296,0.78375,11.140653610229492
0.44675842,0.7927083333333333,0.45302144,0.78375,11.142412185668945
0.44675654,0.7927083333333333,0.4530197,0.78375,11.144231796264648
0.4467546,0.7927083333333333,0.45301804,0.78375,11.146051168441772
0.4467528,0.7927083333333333,0.4530164,0.78375,11.147858619689941
0.44675085,0.7927083333333333,0.4530148,0.78375,11.14962649345398
0.4467489,0.7927083333333333,0.45301315,0.78375,11.151437759399414
0.4467471,0.7927083333333333,0.45301142,0.78375,11.153194427490234
0.44674516,0.7927083333333333,0.45300978,0.78375,11.154945373535156
0.44674322,0.7927083333333333,0.45300817,0.78375,11.156764030456543
0.44674134,0.7927083333333333,0.45300648,0.78375,11.158591270446777
0.44673935,0.7927083333333333,0.4530048,0.78375,11.160354375839233
0.44673753,0.7927083333333333,0.45300314,0.78375,11.162101984024048
0.44673565,0.7927083333333333,0.45300147,0.78375,11.163872718811035
0.4467337,0.7927083333333333,0.45299977,0.78375,11.165630340576172
0.44673184,0.7927083333333333,0.4529981,0.78375,11.167394399642944
0.44672993,0.7927083333333333,0.45299658,0.78375,11.169155597686768
0.44672805,0.7927083333333333,0.4529952,0.78375,11.17091155052185
0.4467261,0.7927083333333333,0.45299366,0.78375,11.172668933868408
0.44672424,0.7927083333333333,0.452992,0.78375,11.174445867538452
0.4467223,0.7927083333333333,0.45299026,0.78375,11.176215887069702
0.44672042,0.7927083333333333,0.45298854,0.7841666666666667,11.177967071533203
0.44671848,0.7927083333333333,0.45298687,0.7841666666666667,11.179788589477539
0.4467166,0.7927083333333333,0.45298517,0.7841666666666667,11.181607484817505
0.44671467,0.7927083333333333,0.45298335,0.7841666666666667,11.183360815048218
0.4467128,0.7927083333333333,0.45298162,0.7841666666666667,11.185113906860352
0.44671085,0.7927083333333333,0.45297998,0.7841666666666667,11.186877965927124
0.44670898,0.7927083333333333,0.45297825,0.7841666666666667,11.188663244247437
0.4467071,0.7927083333333333,0.4529765,0.7841666666666667,11.190417051315308
0.44670516,0.7927083333333333,0.45297492,0.7841666666666667,11.192188739776611
0.44670328,0.7927083333333333,0.45297328,0.7841666666666667,11.194010734558105
0.44670135,0.7927083333333333,0.4529717,0.7841666666666667,11.19583010673523
0.44669947,0.7927083333333333,0.45297006,0.7841666666666667,11.19765567779541
0.44669753,0.7927083333333333,0.4529684,0.7841666666666667,11.19946551322937
0.44669566,0.7927083333333333,0.45296678,0.7841666666666667,11.201208353042603
0.44669378,0.7927083333333333,0.45296505,0.7841666666666667,11.202969312667847
0.44669184,0.7927083333333333,0.4529634,0.7841666666666667,11.20479130744934
0.44668996,0.7927083333333333,0.45296177,0.7841666666666667,11.206601619720459
0.4466881,0.7927083333333333,0.4529601,0.7841666666666667,11.20841932296753
0.44668615,0.7927083333333333,0.45295843,0.7841666666666667,11.210170984268188
0.4466842,0.7927083333333333,0.45295674,0.7841666666666667,11.2119300365448
0.44668233,0.7928125,0.45295498,0.7841666666666667,11.213735580444336
0.4466804,0.7928125,0.45295328,0.7841666666666667,11.215561151504517
0.44667852,0.7928125,0.4529516,0.7841666666666667,11.21731948852539
0.44667664,0.7928125,0.45294982,0.7841666666666667,11.219134330749512
0.4466747,0.7928125,0.4529481,0.7841666666666667,11.220894575119019
0.44667283,0.7928125,0.45294642,0.7841666666666667,11.222710609436035
0.4466709,0.7928125,0.4529447,0.7841666666666667,11.224487066268921
0.446669,0.7928125,0.4529429,0.7841666666666667,11.226231813430786
0.44666713,0.7928125,0.45294124,0.7841666666666667,11.227993965148926
0.44666526,0.7928125,0.4529395,0.7841666666666667,11.229743242263794
0.44666335,0.7928125,0.4529378,0.7841666666666667,11.231559753417969
0.44666144,0.7928125,0.45293608,0.7841666666666667,11.233306169509888
0.44665954,0.7928125,0.4529344,0.7841666666666667,11.235126733779907
0.44665763,0.7928125,0.4529327,0.7841666666666667,11.236951351165771
0.44665572,0.7928125,0.45293102,0.7841666666666667,11.23870062828064
0.44665384,0.7928125,0.4529293,0.7841666666666667,11.24047040939331
0.4466519,0.7928125,0.4529275,0.7841666666666667,11.242286682128906
0.44665003,0.7928125,0.45292577,0.7841666666666667,11.24404501914978
0.44664815,0.7928125,0.45292404,0.7841666666666667,11.245858192443848
0.4466462,0.7928125,0.45292237,0.7841666666666667,11.247620582580566
0.44664434,0.7928125,0.4529206,0.7841666666666667,11.249375581741333
0.44664252,0.7928125,0.45291892,0.7841666666666667,11.251195192337036
0.44664058,0.7927083333333333,0.4529172,0.7841666666666667,11.253016471862793
0.44663864,0.7927083333333333,0.45291546,0.7841666666666667,11.254826307296753
0.44663677,0.7927083333333333,0.4529136,0.7841666666666667,11.256634950637817
0.4466349,0.7927083333333333,0.45291182,0.7841666666666667,11.258432388305664
0.44663298,0.7927083333333333,0.45291,0.7841666666666667,11.26019549369812
0.4466311,0.7927083333333333,0.45290828,0.7841666666666667,11.261948108673096
0.44662917,0.7927083333333333,0.4529065,0.7841666666666667,11.263717651367188
0.44662726,0.7927083333333333,0.45290476,0.7841666666666667,11.265472650527954
0.4466254,0.7927083333333333,0.45290297,0.7841666666666667,11.267284631729126
0.44662347,0.7927083333333333,0.45290124,0.7841666666666667,11.269090414047241
0.4466216,0.7927083333333333,0.4528995,0.7841666666666667,11.270865678787231
0.44661966,0.7927083333333333,0.4528977,0.7841666666666667,11.272627115249634
0.44661784,0.7927083333333333,0.45289603,0.7841666666666667,11.274378299713135
0.4466159,0.7927083333333333,0.4528943,0.7841666666666667,11.276212692260742
0.4466141,0.7927083333333333,0.4528925,0.7841666666666667,11.27802324295044
0.44661215,0.7927083333333333,0.45289078,0.7841666666666667,11.279781818389893
0.4466102,0.7927083333333333,0.45288906,0.7841666666666667,11.281545162200928
0.44660836,0.7927083333333333,0.45288727,0.7841666666666667,11.283350706100464
0.44660646,0.7927083333333333,0.45288554,0.7841666666666667,11.285104751586914
0.44660455,0.7927083333333333,0.4528838,0.7841666666666667,11.286860466003418
0.44660267,0.7927083333333333,0.45288208,0.7841666666666667,11.288628816604614
0.4466008,0.7927083333333333,0.45288035,0.7841666666666667,11.290375232696533
0.44659892,0.7927083333333333,0.45287868,0.7841666666666667,11.292204141616821
0.44659704,0.7927083333333333,0.45287696,0.7841666666666667,11.293962955474854
0.4465952,0.7927083333333333,0.45287526,0.7841666666666667,11.295788764953613
0.44659328,0.7927083333333333,0.45287338,0.7841666666666667,11.297608852386475
0.44659138,0.7927083333333333,0.4528718,0.7841666666666667,11.299386978149414
0.4465895,0.7927083333333333,0.45286992,0.7841666666666667,11.301237344741821
0.44658768,0.7927083333333333,0.45286828,0.7841666666666667,11.303075790405273
0.44658574,0.7927083333333333,0.45286655,0.7841666666666667,11.304849863052368
0.44658393,0.7927083333333333,0.45286494,0.7841666666666667,11.306605577468872
0.446582,0.7927083333333333,0.45286316,0.7841666666666667,11.308507204055786
0.44658014,0.7927083333333333,0.45286152,0.7841666666666667,11.310290098190308
0.4465782,0.7927083333333333,0.4528598,0.7841666666666667,11.31207275390625
0.4465764,0.7927083333333333,0.45285812,0.7841666666666667,11.31390643119812
0.44657445,0.7927083333333333,0.4528564,0.7841666666666667,11.315741300582886
0.44657257,0.7927083333333333,0.45285472,0.7841666666666667,11.31755018234253
0.44657063,0.7927083333333333,0.45285302,0.7841666666666667,11.319311141967773
0.44656882,0.7927083333333333,0.4528514,0.7841666666666667,11.321147680282593
0.44656694,0.7927083333333333,0.4528497,0.7841666666666667,11.322920083999634
0.44656503,0.7927083333333333,0.452848,0.7841666666666667,11.324687957763672
0.44656315,0.7927083333333333,0.45284632,0.7841666666666667,11.326443433761597
0.44656128,0.7927083333333333,0.4528447,0.7841666666666667,11.328262567520142
0.4465594,0.7927083333333333,0.452843,0.7841666666666667,11.33001708984375
0.44655752,0.7927083333333333,0.45284128,0.7841666666666667,11.331842422485352
0.44655558,0.7927083333333333,0.45283967,0.7841666666666667,11.333649158477783
0.4465537,0.7927083333333333,0.45283797,0.7841666666666667,11.335463285446167
0.44655186,0.7927083333333333,0.45283625,0.7841666666666667,11.337215900421143
0.44654998,0.7927083333333333,0.45283452,0.7841666666666667,11.339025259017944
0.4465481,0.7927083333333333,0.45283285,0.7841666666666667,11.340837955474854
0.44654623,0.7927083333333333,0.45283112,0.7841666666666667,11.342646598815918
0.44654435,0.7927083333333333,0.45282933,0.7841666666666667,11.344460487365723
0.4465424,0.7927083333333333,0.4528276,0.7841666666666667,11.346225261688232
0.44654056,0.7927083333333333,0.45282593,0.7841666666666667,11.347988367080688
0.4465387,0.7927083333333333,0.45282423,0.7841666666666667,11.349744319915771
0.44653687,0.7927083333333333,0.4528225,0.7841666666666667,11.351502180099487
0.44653493,0.7927083333333333,0.45282084,0.7841666666666667,11.353262662887573
0.44653305,0.7926041666666667,0.45281896,0.7841666666666667,11.355015993118286
0.44653112,0.7926041666666667,0.45281723,0.7841666666666667,11.356776475906372
0.44652924,0.7926041666666667,0.4528156,0.7841666666666667,11.358604907989502
0.44652736,0.7926041666666667,0.45281383,0.7841666666666667,11.360379934310913
0.44652548,0.7926041666666667,0.4528122,0.7841666666666667,11.362141847610474
0.44652358,0.7926041666666667,0.45281053,0.7841666666666667,11.363906383514404
0.4465217,0.7926041666666667,0.45280883,0.7841666666666667,11.365719556808472
0.44651976,0.7926041666666667,0.45280722,0.7841666666666667,11.367532730102539
0.44651788,0.7926041666666667,0.45280552,0.7841666666666667,11.369341850280762
0.446516,0.7926041666666667,0.45280385,0.7841666666666667,11.371147632598877
0.4465142,0.7926041666666667,0.45280227,0.7841666666666667,11.37290358543396
0.4465123,0.7926041666666667,0.4528007,0.7841666666666667,11.374664306640625
0.4465104,0.7926041666666667,0.45279902,0.7841666666666667,11.376437664031982
0.4465085,0.7926041666666667,0.45279744,0.7841666666666667,11.378241539001465
0.44650665,0.7926041666666667,0.4527958,0.7841666666666667,11.380060195922852
0.4465047,0.7926041666666667,0.45279413,0.7841666666666667,11.381807804107666
0.44650283,0.7926041666666667,0.45279247,0.7841666666666667,11.384281635284424
0.44650096,0.7926041666666667,0.45279083,0.7841666666666667,11.386072397232056
0.44649902,0.7926041666666667,0.4527891,0.7841666666666667,11.387852191925049
0.4464972,0.7926041666666667,0.4527875,0.7841666666666667,11.389668941497803
0.44649526,0.7926041666666667,0.45278576,0.7841666666666667,11.391440153121948
0.44649333,0.7926041666666667,0.45278412,0.7841666666666667,11.393194198608398
0.4464915,0.7926041666666667,0.45278245,0.7841666666666667,11.394945859909058
0.4464896,0.7926041666666667,0.45278066,0.7841666666666667,11.396770715713501
0.4464877,0.7926041666666667,0.45277888,0.7841666666666667,11.39857268333435
0.4464858,0.7926041666666667,0.4527771,0.7841666666666667,11.400342464447021
0.4464839,0.7926041666666667,0.45277536,0.7841666666666667,11.40214204788208
0.44648203,0.7926041666666667,0.45277363,0.7841666666666667,11.403958797454834
0.4464802,0.7927083333333333,0.4527718,0.7841666666666667,11.405706405639648
0.44647834,0.7927083333333333,0.45277008,0.7841666666666667,11.407528162002563
0.4464764,0.7927083333333333,0.45276842,0.7841666666666667,11.409276485443115
0.44647452,0.7927083333333333,0.45276663,0.7841666666666667,11.411040306091309
0.4464726,0.7927083333333333,0.4527649,0.7841666666666667,11.412795782089233
0.44647074,0.7927083333333333,0.45276317,0.7841666666666667,11.414605140686035
0.44646886,0.7927083333333333,0.45276144,0.7841666666666667,11.416384220123291
0.44646692,0.7927083333333333,0.45275965,0.7841666666666667,11.418196678161621
0.44646505,0.7927083333333333,0.45275792,0.7841666666666667,11.420007228851318
0.44646323,0.7927083333333333,0.45275614,0.7841666666666667,11.421825647354126
0.44646123,0.7927083333333333,0.4527544,0.7841666666666667,11.423696517944336
0.4464594,0.7927083333333333,0.45275268,0.7841666666666667,11.425463676452637
0.44645748,0.7927083333333333,0.45275086,0.7841666666666667,11.427222728729248
0.44645563,0.7927083333333333,0.45274916,0.7841666666666667,11.42904257774353
0.4464537,0.7927083333333333,0.4527474,0.7841666666666667,11.430853605270386
0.44645187,0.7927083333333333,0.45274568,0.7841666666666667,11.432664394378662
0.44645,0.7927083333333333,0.4527439,0.7841666666666667,11.434477090835571
0.44644806,0.7927083333333333,0.45274225,0.7841666666666667,11.436242580413818
0.44644618,0.7927083333333333,0.45274052,0.7841666666666667,11.437987804412842
0.4464443,0.7927083333333333,0.45273876,0.7841666666666667,11.439754247665405
0.44644243,0.7926041666666667,0.45273712,0.7841666666666667,11.441567182540894
0.4464405,0.7926041666666667,0.4527354,0.7841666666666667,11.443383932113647
0.44643864,0.7926041666666667,0.45273367,0.7841666666666667,11.44520616531372
0.44643676,0.7926041666666667,0.45273194,0.7841666666666667,11.446954727172852
0.4464349,0.7926041666666667,0.45273027,0.7841666666666667,11.448766946792603
0.446433,0.7926041666666667,0.45272854,0.7841666666666667,11.450515747070312
0.44643113,0.7926041666666667,0.45272696,0.7841666666666667,11.452284574508667
0.44642925,0.7926041666666667,0.45272538,0.7841666666666667,11.454046487808228
0.44642735,0.7926041666666667,0.45272365,0.7841666666666667,11.455880403518677
0.44642547,0.7926041666666667,0.4527218,0.7841666666666667,11.457645893096924
0.4464236,0.7926041666666667,0.45272005,0.7841666666666667,11.459397554397583
0.4464217,0.7926041666666667,0.4527182,0.7841666666666667,11.461219549179077
0.44641992,0.7926041666666667,0.4527164,0.7841666666666667,11.462985515594482
0.44641805,0.7926041666666667,0.45271465,0.7841666666666667,11.464804887771606
0.44641617,0.7926041666666667,0.45271295,0.7841666666666667,11.466562986373901
0.44641423,0.7926041666666667,0.45271114,0.7841666666666667,11.468395233154297
0.4464124,0.7926041666666667,0.4527094,0.7841666666666667,11.470156908035278
0.44641054,0.7926041666666667,0.45270762,0.7841666666666667,11.471928358078003
0.44640863,0.7926041666666667,0.45270583,0.7841666666666667,11.473746061325073
0.4464068,0.7926041666666667,0.4527041,0.7841666666666667,11.475513219833374
0.44640493,0.7925,0.45270228,0.7841666666666667,11.477271556854248
0.446403,0.7925,0.45270056,0.7841666666666667,11.479030847549438
0.44640115,0.7925,0.45269877,0.7841666666666667,11.4808030128479
0.44639927,0.7925,0.4526971,0.7841666666666667,11.482569932937622
0.4463974,0.7925,0.4526953,0.7841666666666667,11.484397888183594
0.44639552,0.7925,0.45269364,0.7841666666666667,11.486214399337769
0.4463937,0.7925,0.4526919,0.7841666666666667,11.488048076629639
0.4463918,0.7925,0.45269018,0.7841666666666667,11.48981261253357
0.44638997,0.7925,0.4526884,0.7841666666666667,11.491584300994873
0.44638804,0.7925,0.45268676,0.7841666666666667,11.493345737457275
0.44638622,0.7925,0.452685,0.7841666666666667,11.495165586471558
0.44638434,0.7925,0.4526833,0.7841666666666667,11.496984958648682
0.44638243,0.7925,0.45268157,0.7841666666666667,11.498805522918701
0.44638056,0.7925,0.4526799,0.7841666666666667,11.500573635101318
0.44637868,0.7923958333333333,0.45267817,0.7841666666666667,11.50235891342163
0.44637686,0.7923958333333333,0.4526765,0.7841666666666667,11.504206895828247
0.44637498,0.7923958333333333,0.4526748,0.7841666666666667,11.506031036376953
0.44637313,0.7923958333333333,0.45267314,0.7841666666666667,11.507805824279785
0.44637126,0.7923958333333333,0.4526714,0.7841666666666667,11.509565830230713
0.44636938,0.7923958333333333,0.45266968,0.7841666666666667,11.511388063430786
0.4463675,0.7926041666666667,0.45266804,0.7841666666666667,11.51320505142212
0.44636562,0.7926041666666667,0.45266637,0.7841666666666667,11.514974117279053
0.44636378,0.7926041666666667,0.45266464,0.7841666666666667,11.516746759414673
0.4463619,0.7926041666666667,0.45266297,0.7841666666666667,11.518513441085815
0.44636008,0.7926041666666667,0.45266128,0.7841666666666667,11.520283222198486
0.44635814,0.7926041666666667,0.4526596,0.7841666666666667,11.5220468044281
0.4463563,0.7926041666666667,0.45265794,0.7841666666666667,11.523823738098145
0.44635442,0.7926041666666667,0.4526562,0.7841666666666667,11.525587558746338
0.4463526,0.7926041666666667,0.4526545,0.7841666666666667,11.527358055114746
0.44635075,0.7926041666666667,0.45265284,0.7841666666666667,11.529130697250366
0.44634882,0.7926041666666667,0.4526511,0.7841666666666667,11.530959844589233
0.446347,0.7926041666666667,0.45264944,0.7841666666666667,11.532789945602417
0.44634515,0.7926041666666667,0.45264772,0.7841666666666667,11.534609079360962
0.44634324,0.7926041666666667,0.45264614,0.7841666666666667,11.53643250465393
0.4463414,0.7926041666666667,0.45264444,0.7841666666666667,11.538201570510864
0.44633952,0.7926041666666667,0.4526427,0.7841666666666667,11.539979696273804
0.44633764,0.7926041666666667,0.45264113,0.7841666666666667,11.541741609573364
0.4463358,0.7926041666666667,0.45263946,0.7841666666666667,11.543508529663086
0.44633397,0.7926041666666667,0.4526378,0.7841666666666667,11.545265674591064
0.44633204,0.7926041666666667,0.452636,0.7841666666666667,11.547082662582397
0.44633016,0.7926041666666667,0.45263436,0.7841666666666667,11.548850059509277
0.44632834,0.7926041666666667,0.45263276,0.7841666666666667,11.550612688064575
0.4463265,0.7926041666666667,0.45263103,0.7841666666666667,11.552386045455933
0.44632462,0.7926041666666667,0.45262936,0.7841666666666667,11.55419659614563
0.4463228,0.7926041666666667,0.45262772,0.7841666666666667,11.56301736831665
0.4463209,0.7926041666666667,0.45262614,0.7841666666666667,11.565239667892456
0.446319,0.7926041666666667,0.4526244,0.7841666666666667,11.567362070083618
0.4463172,0.7926041666666667,0.45262268,0.7841666666666667,11.569527864456177
0.44631532,0.7926041666666667,0.45262104,0.7841666666666667,11.571649074554443
0.4463134,0.7926041666666667,0.45261946,0.7841666666666667,11.573702573776245
0.4463116,0.7925,0.45261773,0.7841666666666667,11.575712442398071
0.44630972,0.7925,0.45261618,0.7841666666666667,11.577809810638428
0.44630787,0.7925,0.4526145,0.7841666666666667,11.579891920089722
0.446306,0.7925,0.45261282,0.7841666666666667,11.581906795501709
0.4463041,0.7925,0.45261118,0.7841666666666667,11.583833694458008
0.44630232,0.7925,0.45260942,0.7841666666666667,11.58568263053894
0.44630042,0.7925,0.45260772,0.7841666666666667,11.587536573410034
0.44629857,0.7925,0.45260605,0.7841666666666667,11.589446544647217
0.4462967,0.7925,0.45260432,0.7841666666666667,11.591301918029785
0.44629487,0.7925,0.45260254,0.7841666666666667,11.593160152435303
0.44629297,0.7925,0.45260075,0.7841666666666667,11.594927310943604
0.44629115,0.7925,0.45259908,0.7841666666666667,11.596706628799438
0.4462892,0.7925,0.45259735,0.7841666666666667,11.598463296890259
0.4462874,0.7925,0.45259568,0.7841666666666667,11.600235223770142
0.44628555,0.7925,0.45259395,0.7841666666666667,11.601986169815063
0.44628373,0.7925,0.45259222,0.7841666666666667,11.603754758834839
0.44628185,0.7925,0.45259053,0.7841666666666667,11.60550856590271
0.44627997,0.7925,0.45258886,0.7841666666666667,11.60726022720337
0.44627813,0.7925,0.45258713,0.7841666666666667,11.609074592590332
0.44627625,0.7925,0.45258546,0.7841666666666667,11.610889911651611
0.4462744,0.7925,0.45258376,0.7841666666666667,11.612634181976318
0.44627252,0.7925,0.45258215,0.7841666666666667,11.614387512207031
0.44627064,0.7925,0.45258045,0.7841666666666667,11.61619234085083
0.44626883,0.7925,0.45257872,0.7841666666666667,11.618003368377686
0.44626698,0.7925,0.4525771,0.7841666666666667,11.619802474975586
0.4462651,0.7925,0.45257547,0.7841666666666667,11.621610403060913
0.44626328,0.7925,0.45257375,0.7841666666666667,11.623355388641357
0.44626135,0.7925,0.45257214,0.7841666666666667,11.625164985656738
0.4462595,0.7925,0.4525705,0.7841666666666667,11.626911401748657
0.44625768,0.7925,0.45256886,0.7841666666666667,11.628777027130127
0.4462558,0.7925,0.45256713,0.7841666666666667,11.630571842193604
0.44625396,0.7925,0.45256552,0.7841666666666667,11.632389307022095
0.44625214,0.7925,0.45256394,0.7841666666666667,11.634135007858276
0.44625026,0.7925,0.4525622,0.7841666666666667,11.635948181152344
0.4462484,0.7925,0.45256057,0.7841666666666667,11.637750625610352
0.4462466,0.7925,0.4525589,0.7841666666666667,11.639559507369995
0.44624472,0.7925,0.45255718,0.7841666666666667,11.641364097595215
0.44624287,0.7925,0.45255554,0.7841666666666667,11.643124103546143
0.44624105,0.7925,0.45255393,0.7841666666666667,11.64487886428833
0.44623917,0.7925,0.4525522,0.7841666666666667,11.646622657775879
0.44623733,0.7925,0.45255044,0.7841666666666667,11.648437023162842
0.44623545,0.7925,0.4525487,0.7841666666666667,11.650235176086426
0.44623363,0.7925,0.45254704,0.7841666666666667,11.65203595161438
0.44623178,0.7925,0.45254523,0.7841666666666667,11.653793096542358
0.44622985,0.7925,0.45254344,0.7841666666666667,11.65555214881897
0.44622803,0.7925,0.45254165,0.7841666666666667,11.657301664352417
0.4462262,0.7925,0.45253992,0.7841666666666667,11.659048795700073
0.44622436,0.7925,0.4525382,0.7841666666666667,11.660871028900146
0.44622248,0.7925,0.45253646,0.7841666666666667,11.662685632705688
0.44622067,0.7925,0.45253474,0.7841666666666667,11.66444730758667
0.44621876,0.7925,0.45253307,0.7841666666666667,11.66620135307312
0.44621694,0.7925,0.45253128,0.7841666666666667,11.66795015335083
0.44621515,0.7925,0.4525295,0.7841666666666667,11.669758319854736
0.44621322,0.7925,0.45252773,0.7841666666666667,11.671522378921509
0.4462114,0.7925,0.452526,0.7841666666666667,11.67332911491394
0.44620952,0.7925,0.45252416,0.7841666666666667,11.675084352493286
0.44620773,0.7925,0.45252243,0.7841666666666667,11.676896333694458
0.44620574,0.7925,0.4525207,0.7841666666666667,11.678645849227905
0.44620392,0.7925,0.45251903,0.7841666666666667,11.680455207824707
0.4462021,0.7925,0.4525173,0.7841666666666667,11.682206153869629
0.4462002,0.7925,0.45251557,0.7841666666666667,11.684007167816162
0.44619837,0.7925,0.45251384,0.7841666666666667,11.685756206512451
0.4461965,0.7925,0.4525122,0.7841666666666667,11.687514066696167
0.44619465,0.7925,0.45251054,0.7841666666666667,11.689270496368408
0.44619283,0.7925,0.4525089,0.7841666666666667,11.691046476364136
0.44619095,0.7925,0.45250723,0.7841666666666667,11.692863702774048
0.44618908,0.7925,0.4525055,0.7841666666666667,11.69468355178833
0.4461872,0.7925,0.4525038,0.7841666666666667,11.696517944335938
0.44618535,0.7925,0.4525022,0.7841666666666667,11.698300838470459
0.44618353,0.7925,0.45250055,0.7841666666666667,11.70008897781372
0.44618174,0.7925,0.45249888,0.7841666666666667,11.701876640319824
0.4461798,0.7925,0.4524973,0.7841666666666667,11.703731775283813
0.44617793,0.7925,0.45249563,0.7841666666666667,11.705524682998657
0.44617608,0.7925,0.452494,0.78375,11.707305908203125
0.44617426,0.7925,0.45249236,0.78375,11.709083080291748
0.44617245,0.7925,0.45249075,0.78375,11.710870742797852
0.44617054,0.7925,0.4524891,0.78375,11.712641954421997
0.44616866,0.7925,0.45248744,0.78375,11.714402914047241
0.44616684,0.7925,0.4524858,0.78375,11.716158390045166
0.44616497,0.7925,0.4524842,0.78375,11.717957973480225
0.44616312,0.7925,0.4524826,0.78375,11.719775438308716
0.4461613,0.7925,0.45248088,0.78375,11.721579551696777
0.44615942,0.7925,0.4524793,0.78375,11.723335027694702
0.44615757,0.7925,0.45247766,0.78375,11.725091695785522
0.44615576,0.7925,0.45247614,0.78375,11.726896047592163
0.44615388,0.7925,0.4524745,0.78375,11.728649616241455
0.44615203,0.7925,0.4524729,0.78375,11.730399370193481
0.4461502,0.7925,0.45247126,0.78375,11.732156038284302
0.44614834,0.7925,0.45246974,0.78375,11.734107255935669
0.4461465,0.7925,0.4524681,0.78375,11.735918998718262
0.44614467,0.7925,0.45246652,0.78375,11.737667322158813
0.4461428,0.7925,0.45246497,0.78375,11.739501237869263
0.44614094,0.7925,0.45246327,0.78375,11.741307020187378
0.44613907,0.7925,0.4524618,0.78375,11.743053197860718
0.44613728,0.7925,0.45246023,0.78375,11.74481749534607
0.4461354,0.7925,0.45245865,0.78375,11.74656367301941
0.44613352,0.7925,0.452457,0.78375,11.74838638305664
0.44613174,0.7925,0.45245534,0.78375,11.750153303146362
0.44612986,0.7925,0.4524537,0.78375,11.7519690990448
0.44612804,0.7926041666666667,0.45245203,0.78375,11.753719806671143
0.4461262,0.7926041666666667,0.45245025,0.78375,11.755483865737915
0.44612432,0.7926041666666667,0.45244852,0.78375,11.757233381271362
0.4461225,0.7926041666666667,0.45244676,0.78375,11.758976697921753
0.44612062,0.7926041666666667,0.45244506,0.78375,11.760739088058472
0.44611877,0.7926041666666667,0.4524433,0.78375,11.762487888336182
0.4461169,0.7926041666666667,0.4524414,0.78375,11.764243841171265
0.4461151,0.7926041666666667,0.45243964,0.78375,11.766004800796509
0.44611317,0.7926041666666667,0.4524378,0.78375,11.767776250839233
0.44611135,0.7926041666666667,0.452436,0.78375,11.769534826278687
0.44610947,0.7926041666666667,0.45243433,0.78375,11.771280527114868
0.4461076,0.7926041666666667,0.45243254,0.78375,11.773039817810059
0.44610575,0.7927083333333333,0.45243073,0.78375,11.774848222732544
0.44610393,0.7927083333333333,0.45242906,0.78375,11.776666164398193
0.44610205,0.7927083333333333,0.45242733,0.78375,11.778467416763306
0.4461002,0.7927083333333333,0.45242554,0.78375,11.780274868011475
0.44609833,0.7927083333333333,0.45242387,0.78375,11.782022714614868
0.4460965,0.7927083333333333,0.45242214,0.78375,11.783781290054321
0.4460946,0.7927083333333333,0.4524205,0.78375,11.785600185394287
0.44609272,0.7927083333333333,0.4524187,0.78375,11.787346124649048
0.4460909,0.7927083333333333,0.45241705,0.78375,11.789105892181396
0.44608906,0.7927083333333333,0.45241538,0.78375,11.790902853012085
0.44608715,0.7927083333333333,0.4524136,0.78375,11.792657852172852
0.4460853,0.7927083333333333,0.4524118,0.78375,11.794410467147827
0.44608343,0.7927083333333333,0.45241007,0.78375,11.796179056167603
0.44608164,0.7927083333333333,0.45240834,0.78375,11.797922134399414
0.44607982,0.7927083333333333,0.45240667,0.78375,11.799680948257446
0.44607788,0.7927083333333333,0.45240498,0.78375,11.801428318023682
0.446076,0.7927083333333333,0.45240325,0.78375,11.803240060806274
0.44607422,0.7927083333333333,0.45240158,0.78375,11.805028438568115
0.44607228,0.7927083333333333,0.45239994,0.78375,11.806851387023926
0.44607046,0.7927083333333333,0.4523982,0.78375,11.808623790740967
0.4460686,0.7927083333333333,0.45239666,0.78375,11.810446500778198
0.44606674,0.7927083333333333,0.45239493,0.78375,11.812206983566284
0.44606486,0.7927083333333333,0.4523933,0.78375,11.814020872116089
0.44606298,0.7927083333333333,0.4523918,0.78375,11.81583285331726
0.44606113,0.7927083333333333,0.45239028,0.78375,11.81758427619934
0.44605926,0.7927083333333333,0.45238882,0.78375,11.819394826889038
0.44605738,0.7927083333333333,0.45238733,0.78375,11.82121205329895
0.44605556,0.7927083333333333,0.45238572,0.78375,11.823018789291382
0.44605368,0.7927083333333333,0.45238417,0.78375,11.824793100357056
0.44605184,0.7927083333333333,0.45238265,0.78375,11.826550245285034
0.44604996,0.7927083333333333,0.45238113,0.78375,11.828325510025024
0.44604814,0.7927083333333333,0.4523796,0.7841666666666667,11.83007550239563
0.44604623,0.7927083333333333,0.45237803,0.7841666666666667,11.831843614578247
0.44604436,0.7927083333333333,0.4523765,0.7845833333333333,11.833608865737915
0.44604254,0.7926041666666667,0.45237482,0.7845833333333333,11.835404872894287
0.4460407,0.7926041666666667,0.45237336,0.7845833333333333,11.837225914001465
0.44603887,0.7926041666666667,0.45237178,0.7845833333333333,11.839038610458374
0.44603693,0.7926041666666667,0.45237014,0.7845833333333333,11.840852737426758
0.44603512,0.7926041666666667,0.45236862,0.7845833333333333,11.842661380767822
0.4460332,0.7925,0.4523671,0.7845833333333333,11.844414949417114
0.44603145,0.7925,0.45236537,0.7845833333333333,11.846166133880615
0.44602957,0.7925,0.45236364,0.7845833333333333,11.84796953201294
0.44602764,0.7925,0.45236197,0.7845833333333333,11.849725484848022
0.4460258,0.7925,0.45236033,0.7845833333333333,11.851604223251343
0.44602397,0.7925,0.4523587,0.7845833333333333,11.853408813476562
0.4460221,0.7926041666666667,0.45235708,0.7845833333333333,11.85521936416626
0.44602022,0.7926041666666667,0.45235544,0.7845833333333333,11.856983423233032
0.44601837,0.7926041666666667,0.45235372,0.7845833333333333,11.858736276626587
0.4460165,0.7926041666666667,0.45235208,0.7845833333333333,11.86050820350647
0.4460146,0.7926041666666667,0.45235047,0.7845833333333333,11.862321376800537
0.44601277,0.7926041666666667,0.4523488,0.7845833333333333,11.864136934280396
0.4460109,0.7926041666666667,0.4523471,0.7845833333333333,11.865891456604004
0.44600907,0.7926041666666667,0.45234552,0.7845833333333333,11.867709875106812
0.4460072,0.7926041666666667,0.45234394,0.7845833333333333,11.869515180587769
0.44600534,0.7926041666666667,0.45234248,0.7845833333333333,11.87127685546875
0.44600347,0.7926041666666667,0.45234096,0.7845833333333333,11.873026847839355
0.4460016,0.7926041666666667,0.45233947,0.7845833333333333,11.874788761138916
0.4459997,0.7926041666666667,0.452338,0.7845833333333333,11.876605033874512
0.44599786,0.7926041666666667,0.45233658,0.7845833333333333,11.878408908843994
0.44599593,0.7926041666666667,0.45233506,0.7845833333333333,11.880217790603638
0.4459941,0.7926041666666667,0.45233354,0.7845833333333333,11.881977081298828
0.44599223,0.7926041666666667,0.45233205,0.7845833333333333,11.883787393569946
0.44599038,0.7926041666666667,0.45233047,0.7845833333333333,11.885598182678223
0.44598857,0.7926041666666667,0.45232895,0.7845833333333333,11.887346982955933
0.4459867,0.7926041666666667,0.45232737,0.7845833333333333,11.889108657836914
0.44598484,0.7926041666666667,0.45232585,0.7845833333333333,11.89091968536377
0.44598296,0.7926041666666667,0.45232436,0.7845833333333333,11.892679452896118
0.44598114,0.7926041666666667,0.45232278,0.7845833333333333,11.894493579864502
0.44597927,0.7926041666666667,0.45232126,0.7845833333333333,11.896259784698486
0.4459774,0.7926041666666667,0.45231968,0.7845833333333333,11.898072719573975
0.4459756,0.7926041666666667,0.45231816,0.7845833333333333,11.899847745895386
0.44597366,0.7926041666666667,0.45231664,0.7845833333333333,11.901653051376343
0.44597185,0.7926041666666667,0.45231515,0.7845833333333333,11.903465747833252
0.44597,0.7926041666666667,0.45231354,0.7845833333333333,11.905218839645386
0.44596812,0.7926041666666667,0.45231205,0.7845833333333333,11.906981706619263
0.44596627,0.7926041666666667,0.45231047,0.7845833333333333,11.908825635910034
0.4459644,0.7926041666666667,0.45230886,0.7845833333333333,11.910640716552734
0.44596264,0.7926041666666667,0.45230728,0.7845833333333333,11.91241192817688
0.44596064,0.7926041666666667,0.4523057,0.7845833333333333,11.914221286773682
0.44595882,0.7926041666666667,0.45230407,0.7845833333333333,11.915982961654663
0.44595698,0.7926041666666667,0.4523025,0.7845833333333333,11.917739391326904
0.44595516,0.7926041666666667,0.45230088,0.7845833333333333,11.919501781463623
0.44595322,0.7926041666666667,0.4522993,0.7845833333333333,11.921300649642944
0.44595137,0.7926041666666667,0.45229766,0.7845833333333333,11.923104047775269
0.44594955,0.7926041666666667,0.45229608,0.7845833333333333,11.924915552139282
0.44594768,0.7926041666666667,0.45229447,0.7845833333333333,11.926667213439941
0.44594583,0.7926041666666667,0.4522929,0.7845833333333333,11.928442239761353
0.445944,0.7926041666666667,0.45229122,0.7845833333333333,11.930193424224854
0.44594213,0.7926041666666667,0.45228958,0.7845833333333333,11.93196177482605
0.4459403,0.7926041666666667,0.45228794,0.7845833333333333,11.933773279190063
0.4459384,0.7926041666666667,0.45228627,0.7845833333333333,11.93554425239563
0.4459366,0.7926041666666667,0.4522847,0.7845833333333333,11.937365531921387
0.44593474,0.7926041666666667,0.45228323,0.7845833333333333,11.93912935256958
0.44593287,0.7926041666666667,0.45228168,0.7845833333333333,11.940885305404663
0.44593105,0.7926041666666667,0.45228007,0.7845833333333333,11.942706108093262
0.4459292,0.7926041666666667,0.45227844,0.7845833333333333,11.944530010223389
0.44592732,0.7926041666666667,0.45227683,0.7845833333333333,11.946289777755737
0.44592544,0.7926041666666667,0.45227513,0.7845833333333333,11.948108196258545
0.44592363,0.7926041666666667,0.45227355,0.7841666666666667,11.949865579605103
0.44592172,0.7926041666666667,0.45227194,0.7841666666666667,11.951626777648926
0.4459199,0.7926041666666667,0.4522703,0.7841666666666667,11.953380107879639
0.44591802,0.7926041666666667,0.45226872,0.7841666666666667,11.95518445968628
0.44591615,0.7926041666666667,0.45226714,0.7841666666666667,11.956961393356323
0.44591427,0.7926041666666667,0.45226556,0.7841666666666667,11.958712339401245
0.44591242,0.7926041666666667,0.45226395,0.7841666666666667,11.960551500320435
0.44591054,0.7926041666666667,0.4522623,0.7841666666666667,11.962353706359863
0.44590867,0.7926041666666667,0.45226073,0.7841666666666667,11.964120149612427
0.44590688,0.7926041666666667,0.45225915,0.7841666666666667,11.965928077697754
0.445905,0.7926041666666667,0.45225754,0.7841666666666667,11.967695236206055
0.44590318,0.7926041666666667,0.4522559,0.7841666666666667,11.969452381134033
0.44590124,0.7926041666666667,0.45225424,0.7841666666666667,11.971259355545044
0.4458994,0.7926041666666667,0.45225272,0.7841666666666667,11.973021745681763
0.44589758,0.7926041666666667,0.45225117,0.7841666666666667,11.974773168563843
0.4458957,0.7926041666666667,0.4522495,0.7841666666666667,11.976612567901611
0.4458938,0.7926041666666667,0.45224807,0.7841666666666667,11.97841191291809
0.44589192,0.7926041666666667,0.4522464,0.7841666666666667,11.98017930984497
0.44589016,0.7926041666666667,0.45224547,0.7841666666666667,11.981985569000244
0.44588822,0.7926041666666667,0.4522443,0.7841666666666667,11.983734130859375
0.44588634,0.7926041666666667,0.45224303,0.7841666666666667,11.98553991317749
0.4458845,0.7926041666666667,0.45224172,0.7841666666666667,11.987345695495605
0.44588268,0.7926041666666667,0.45224044,0.7841666666666667,11.98911452293396
0.4458808,0.7926041666666667,0.45223907,0.7841666666666667,11.990856409072876
0.4458789,0.7926041666666667,0.4522377,0.7841666666666667,11.992674589157104
0.44587708,0.7926041666666667,0.45223632,0.7841666666666667,11.994441270828247
0.4458752,0.7926041666666667,0.45223495,0.7841666666666667,11.996246814727783
0.44587332,0.7926041666666667,0.45223352,0.7841666666666667,11.99799633026123
0.44587153,0.7926041666666667,0.4522321,0.7841666666666667,11.999815940856934
0.4458696,0.7926041666666667,0.45223063,0.7841666666666667,12.001615047454834
0.44586778,0.7926041666666667,0.4522292,0.7841666666666667,12.003431558609009
0.44586593,0.7927083333333333,0.45222774,0.7841666666666667,12.005239725112915
0.44586405,0.7927083333333333,0.4522263,0.7841666666666667,12.00699520111084
0.44586223,0.7927083333333333,0.45222482,0.7841666666666667,12.008758306503296
0.44586036,0.7927083333333333,0.45222342,0.7841666666666667,12.0105140209198
0.4458585,0.7927083333333333,0.45222163,0.7841666666666667,12.012328147888184
0.44585663,0.7927083333333333,0.45222,0.7841666666666667,12.014145135879517
0.44585475,0.7927083333333333,0.4522184,0.7841666666666667,12.015901327133179
0.4458529,0.7927083333333333,0.45221704,0.7841666666666667,12.017645835876465
0.44585103,0.7927083333333333,0.45221573,0.7841666666666667,12.01946210861206
0.44584915,0.7927083333333333,0.45221436,0.7841666666666667,12.021270036697388
0.44584727,0.7927083333333333,0.45221302,0.7841666666666667,12.023022651672363
0.44584543,0.7927083333333333,0.45221156,0.7841666666666667,12.024789571762085
0.44584352,0.7927083333333333,0.45221025,0.7841666666666667,12.02653455734253
0.44584167,0.7927083333333333,0.4522087,0.7841666666666667,12.028348922729492
0.4458398,0.7927083333333333,0.4522074,0.7841666666666667,12.030097484588623
0.44583791,0.7927083333333333,0.45220593,0.7841666666666667,12.031863451004028
0.44583598,0.7927083333333333,0.45220453,0.7841666666666667,12.03362488746643
0.44583416,0.7927083333333333,0.45220298,0.7841666666666667,12.035505771636963
0.4458323,0.7927083333333333,0.4522014,0.7841666666666667,12.037319898605347
0.44583043,0.7927083333333333,0.45220026,0.7841666666666667,12.039068698883057
0.44582856,0.7927083333333333,0.45219862,0.7841666666666667,12.040822744369507
0.44582668,0.7927083333333333,0.45219725,0.7841666666666667,12.042629480361938
0.44582483,0.7927083333333333,0.45219553,0.7841666666666667,12.044392585754395
0.44582295,0.7927083333333333,0.45219427,0.7841666666666667,12.046144008636475
0.44582108,0.7927083333333333,0.45219263,0.7841666666666667,12.047900438308716
0.44581914,0.7927083333333333,0.4521912,0.7841666666666667,12.049714803695679
0.44581732,0.7927083333333333,0.45218974,0.7841666666666667,12.051527976989746
0.44581547,0.7927083333333333,0.4521883,0.7841666666666667,12.053285837173462
0.4458136,0.7927083333333333,0.45218667,0.7841666666666667,12.055025339126587
0.44581172,0.7927083333333333,0.45218515,0.7841666666666667,12.056787014007568
0.44580993,0.7927083333333333,0.4521837,0.7841666666666667,12.058526277542114
0.445808,0.7927083333333333,0.45218226,0.7841666666666667,12.060346126556396
0.44580612,0.7927083333333333,0.45218068,0.7841666666666667,12.062095642089844
0.44580424,0.7927083333333333,0.45217946,0.7841666666666667,12.063850164413452
0.44580245,0.7927083333333333,0.45217788,0.7841666666666667,12.065593719482422
0.44580057,0.7927083333333333,0.45217636,0.7841666666666667,12.067348003387451
0.4457987,0.7927083333333333,0.45217478,0.7841666666666667,12.069112062454224
0.44579682,0.7927083333333333,0.45217335,0.7841666666666667,12.070878505706787
0.44579497,0.7927083333333333,0.45217177,0.7841666666666667,12.072647094726562
0.4457931,0.7927083333333333,0.4521702,0.7841666666666667,12.074408292770386
0.4457912,0.7927083333333333,0.45216858,0.7841666666666667,12.076227188110352
0.4457894,0.7927083333333333,0.4521672,0.7841666666666667,12.07798171043396
0.44578746,0.7927083333333333,0.45216563,0.7841666666666667,12.079746723175049
0.4457856,0.7927083333333333,0.45216405,0.7841666666666667,12.08149766921997
0.44578373,0.7927083333333333,0.4521624,0.7841666666666667,12.083313941955566
0.44578186,0.7927083333333333,0.45216095,0.7841666666666667,12.085134506225586
0.44577998,0.7927083333333333,0.45215932,0.7841666666666667,12.086946487426758
0.4457781,0.7927083333333333,0.45215765,0.7841666666666667,12.088716983795166
0.44577622,0.7927083333333333,0.45215622,0.7841666666666667,12.090525150299072
0.44577438,0.7927083333333333,0.4521546,0.7841666666666667,12.092286825180054
0.44577244,0.7927083333333333,0.45215285,0.7841666666666667,12.09403395652771
0.44577062,0.7927083333333333,0.4521513,0.7841666666666667,12.095793008804321
0.44576874,0.7927083333333333,0.45214975,0.7841666666666667,12.097601890563965
0.44576687,0.7927083333333333,0.45214814,0.7841666666666667,12.099368333816528
0.44576502,0.7927083333333333,0.4521464,0.7841666666666667,12.101128578186035
0.4457632,0.7927083333333333,0.45214498,0.7841666666666667,12.102881669998169
0.44576126,0.7927083333333333,0.4521433,0.7841666666666667,12.104692220687866
0.44575942,0.7927083333333333,0.45214167,0.7841666666666667,12.106509447097778
0.4457575,0.7927083333333333,0.45214,0.7841666666666667,12.108307600021362
0.44575566,0.7927083333333333,0.4521385,0.7841666666666667,12.1100754737854
0.44575372,0.7927083333333333,0.45213684,0.7841666666666667,12.111876726150513
0.4457519,0.7927083333333333,0.45213518,0.7841666666666667,12.11370062828064
0.44575003,0.7927083333333333,0.4521336,0.7841666666666667,12.115527629852295
0.44574815,0.7927083333333333,0.4521318,0.7841666666666667,12.117402076721191
0.4457463,0.7927083333333333,0.45213014,0.7841666666666667,12.119219303131104
0.44574443,0.7927083333333333,0.4521288,0.7841666666666667,12.120989799499512
0.44574255,0.7927083333333333,0.45212728,0.7841666666666667,12.122737407684326
0.4457407,0.7927083333333333,0.45212564,0.7841666666666667,12.12455940246582
0.44573882,0.7927083333333333,0.4521241,0.7841666666666667,12.12636661529541
0.44573694,0.7928125,0.45212254,0.7841666666666667,12.12813663482666
0.44573513,0.7928125,0.45212102,0.7841666666666667,12.129887819290161
0.44573325,0.7928125,0.45211956,0.7841666666666667,12.131705045700073
0.44573134,0.7928125,0.452118,0.7841666666666667,12.133448123931885
0.44572946,0.7928125,0.45211655,0.7841666666666667,12.135217189788818
0.4457276,0.7928125,0.45211506,0.7841666666666667,12.13698673248291
0.4457257,0.7928125,0.4521134,0.7841666666666667,12.138798952102661
0.4457239,0.7928125,0.45211193,0.7841666666666667,12.140627145767212
0.44572204,0.7928125,0.45211035,0.7841666666666667,12.142385244369507
0.44572023,0.7928125,0.45210877,0.7841666666666667,12.144145250320435
0.44571832,0.7928125,0.4521072,0.7841666666666667,12.145911931991577
0.44571644,0.7927083333333333,0.45210567,0.7841666666666667,12.147729873657227
0.44571456,0.7927083333333333,0.45210412,0.7841666666666667,12.149534940719604
0.44571275,0.7927083333333333,0.4521026,0.7841666666666667,12.151282787322998
0.44571087,0.7927083333333333,0.452101,0.7841666666666667,12.153045415878296
0.44570896,0.7927083333333333,0.4520994,0.7841666666666667,12.154850244522095
0.44570708,0.7927083333333333,0.45209783,0.7841666666666667,12.156667232513428
0.44570526,0.7927083333333333,0.4520963,0.7841666666666667,12.158421516418457
0.4457034,0.7927083333333333,0.45209467,0.7841666666666667,12.160178899765015
0.4457015,0.7927083333333333,0.4520931,0.7841666666666667,12.161934852600098
0.4456996,0.7927083333333333,0.4520915,0.7841666666666667,12.16376781463623
0.44569778,0.7927083333333333,0.4520899,0.7841666666666667,12.165591478347778
0.44569597,0.7927083333333333,0.45208827,0.7841666666666667,12.167406797409058
0.44569406,0.7927083333333333,0.45208675,0.7841666666666667,12.169165849685669
0.44569218,0.7927083333333333,0.45208526,0.7841666666666667,12.170932531356812
0.44569036,0.7927083333333333,0.45208386,0.7841666666666667,12.172702312469482
0.4456885,0.7927083333333333,0.45208237,0.7841666666666667,12.174463033676147
0.4456866,0.7927083333333333,0.4520809,0.7841666666666667,12.176227331161499
0.4456847,0.7927083333333333,0.45207936,0.7841666666666667,12.177982330322266
0.44568282,0.7927083333333333,0.45207784,0.7841666666666667,12.179739713668823
0.44568095,0.7927083333333333,0.45207638,0.7841666666666667,12.181499719619751
0.44567913,0.7927083333333333,0.45207483,0.7841666666666667,12.18331003189087
0.44567725,0.7927083333333333,0.45207345,0.7841666666666667,12.185132503509521
0.4456754,0.7928125,0.45207193,0.7841666666666667,12.18693995475769
0.44567353,0.7928125,0.4520705,0.7841666666666667,12.188696384429932
0.44567165,0.7928125,0.45206898,0.7841666666666667,12.190503358840942
0.4456698,0.7928125,0.45206755,0.7841666666666667,12.192322969436646
0.44566798,0.7928125,0.45206597,0.7841666666666667,12.194079875946045
0.44566604,0.7928125,0.45206457,0.7841666666666667,12.195905208587646
0.44566417,0.7928125,0.45206305,0.7841666666666667,12.197654485702515
0.44566232,0.7928125,0.45206147,0.7841666666666667,12.199488639831543
0.4456605,0.7928125,0.45205992,0.7841666666666667,12.20129680633545
0.44565868,0.7928125,0.4520584,0.7841666666666667,12.203068256378174
0.44565678,0.7928125,0.45205688,0.7841666666666667,12.20484209060669
0.4456549,0.7928125,0.4520553,0.7841666666666667,12.206666707992554
0.44565302,0.7928125,0.45205373,0.7841666666666667,12.208492040634155
0.4456512,0.7928125,0.4520522,0.7841666666666667,12.210250616073608
0.44564936,0.7928125,0.4520507,0.7841666666666667,12.212093353271484
0.44564748,0.7928125,0.4520491,0.7841666666666667,12.213897228240967
0.44564566,0.7928125,0.45204762,0.7841666666666667,12.215715646743774
0.44564378,0.7928125,0.4520461,0.7841666666666667,12.21746563911438
0.44564188,0.7929166666666667,0.45204452,0.7841666666666667,12.219215154647827
0.44564,0.7929166666666667,0.4520429,0.7841666666666667,12.220980644226074
0.4456382,0.7929166666666667,0.45204133,0.7841666666666667,12.222806692123413
0.44563633,0.7929166666666667,0.45203975,0.7841666666666667,12.224650144577026
0.44563445,0.7929166666666667,0.45203817,0.7841666666666667,12.22641110420227
0.44563264,0.7929166666666667,0.4520366,0.7841666666666667,12.228175401687622
0.44563076,0.7929166666666667,0.452035,0.7841666666666667,12.229931116104126
0.44562897,0.7929166666666667,0.45203343,0.7841666666666667,12.231752157211304
0.4456271,0.7929166666666667,0.4520319,0.7841666666666667,12.233555793762207
0.44562525,0.7929166666666667,0.45203033,0.7845833333333333,12.235352277755737
0.44562343,0.7929166666666667,0.45202875,0.7845833333333333,12.237101078033447
0.44562155,0.7929166666666667,0.45202723,0.7845833333333333,12.238911867141724
0.44561967,0.7929166666666667,0.4520257,0.7845833333333333,12.24066710472107
0.44561782,0.7929166666666667,0.4520242,0.7845833333333333,12.242416381835938
0.44561595,0.7929166666666667,0.45202255,0.7845833333333333,12.244166374206543
0.44561413,0.7929166666666667,0.4520209,0.7845833333333333,12.245910167694092
0.44561228,0.7929166666666667,0.45201933,0.7845833333333333,12.247667789459229
0.44561046,0.7929166666666667,0.4520178,0.7845833333333333,12.249420404434204
0.4456086,0.7929166666666667,0.4520163,0.7845833333333333,12.251163721084595
0.44560668,0.7929166666666667,0.45201477,0.7845833333333333,12.252973794937134
0.44560492,0.7929166666666667,0.4520132,0.7845833333333333,12.254724979400635
0.44560307,0.7929166666666667,0.45201167,0.7845833333333333,12.256492137908936
0.4456012,0.7929166666666667,0.45201004,0.7845833333333333,12.258238554000854
0.44559932,0.7929166666666667,0.45200852,0.7845833333333333,12.260018110275269
0.44559747,0.7929166666666667,0.452007,0.7845833333333333,12.261762857437134
0.44559565,0.7929166666666667,0.45200548,0.7845833333333333,12.263534545898438
0.44559377,0.7929166666666667,0.4520039,0.7845833333333333,12.26529598236084
0.44559193,0.7929166666666667,0.45200235,0.7845833333333333,12.267054080963135
0.44559005,0.7929166666666667,0.45200074,0.7845833333333333,12.26888394355774
0.44558823,0.7929166666666667,0.45199946,0.7845833333333333,12.270634412765503
0.44558638,0.7929166666666667,0.45199814,0.7845833333333333,12.272385597229004
0.4455845,0.7929166666666667,0.45199686,0.7845833333333333,12.274195671081543
0.4455827,0.7929166666666667,0.4519955,0.7845833333333333,12.275946855545044
0.44558075,0.7929166666666667,0.45199412,0.7845833333333333,12.277697801589966
0.44557893,0.7929166666666667,0.4519927,0.7845833333333333,12.279528617858887
0.44557709,0.7929166666666667,0.45199126,0.7845833333333333,12.281269550323486
0.4455752,0.7929166666666667,0.4519899,0.7845833333333333,12.283066511154175
0.44557333,0.7929166666666667,0.45198843,0.7845833333333333,12.284883499145508
0.44557145,0.7929166666666667,0.451987,0.7845833333333333,12.286690711975098
0.44556966,0.7929166666666667,0.45198557,0.7845833333333333,12.28851056098938
0.4455678,0.7929166666666667,0.4519841,0.7845833333333333,12.290273904800415
0.4455659,0.7928125,0.4519826,0.7845833333333333,12.292090654373169
0.44556412,0.7928125,0.4519811,0.7845833333333333,12.293835878372192
0.44556224,0.7928125,0.45197964,0.7845833333333333,12.295607805252075
0.44556037,0.7928125,0.45197815,0.7845833333333333,12.297424077987671
0.44555852,0.7928125,0.45197663,0.7845833333333333,12.299181938171387
0.4455567,0.7928125,0.4519751,0.7845833333333333,12.300940036773682
0.44555476,0.7928125,0.45197356,0.7845833333333333,12.302687644958496
0.44555292,0.7928125,0.4519721,0.7845833333333333,12.304500341415405
0.4455511,0.7928125,0.4519706,0.7845833333333333,12.30625033378601
0.44554922,0.7928125,0.4519691,0.7845833333333333,12.308112382888794
0.44554737,0.7928125,0.45196757,0.7845833333333333,12.309875011444092
0.44554555,0.7928125,0.45196614,0.7845833333333333,12.311636447906494
0.44554374,0.7928125,0.45196462,0.7845833333333333,12.3133864402771
0.44554183,0.7928125,0.4519631,0.7845833333333333,12.315158128738403
0.44553995,0.7928125,0.45196152,0.7845833333333333,12.317006587982178
0.44553807,0.7928125,0.45196006,0.7845833333333333,12.318764209747314
0.44553626,0.7928125,0.45195857,0.7845833333333333,12.320588111877441
0.44553435,0.7928125,0.45195705,0.7845833333333333,12.322349071502686
0.44553253,0.7928125,0.45195547,0.7845833333333333,12.324114084243774
0.4455307,0.7928125,0.45195395,0.7845833333333333,12.325865745544434
0.4455288,0.7928125,0.45195246,0.7845833333333333,12.327693700790405
0.445527,0.7928125,0.451951,0.7845833333333333,12.329442739486694
0.4455251,0.7928125,0.45194966,0.7845833333333333,12.33120608329773
0.44552323,0.7928125,0.4519482,0.7845833333333333,12.332962989807129
0.44552138,0.7928125,0.45194677,0.7845833333333333,12.334716081619263
0.44551957,0.7928125,0.4519452,0.7845833333333333,12.33655071258545
0.4455177,0.7928125,0.45194373,0.7845833333333333,12.33830213546753
0.44551584,0.7928125,0.45194224,0.7845833333333333,12.34006929397583
0.44551402,0.7928125,0.45194072,0.7845833333333333,12.34197211265564
0.44551215,0.7928125,0.4519392,0.7845833333333333,12.343735456466675
0.44551027,0.7928125,0.45193768,0.7845833333333333,12.34549856185913
0.44550842,0.7928125,0.4519362,0.7845833333333333,12.347248554229736
0.4455066,0.7928125,0.45193475,0.7845833333333333,12.349003076553345
0.4455047,0.7928125,0.4519335,0.7845833333333333,12.350762844085693
0.44550294,0.7928125,0.45193213,0.7845833333333333,12.35258674621582
0.44550106,0.7928125,0.45193073,0.7845833333333333,12.354406595230103
0.44549927,0.7928125,0.45192927,0.7845833333333333,12.356163024902344
0.4454974,0.7928125,0.45192778,0.7845833333333333,12.357971429824829
0.44549552,0.7927083333333333,0.4519264,0.7845833333333333,12.35973310470581
0.44549367,0.7927083333333333,0.451925,0.7845833333333333,12.361486434936523
0.44549185,0.7927083333333333,0.45192346,0.7845833333333333,12.363238096237183
0.44548997,0.7927083333333333,0.45192206,0.7845833333333333,12.365062475204468
0.44548813,0.7927083333333333,0.45192063,0.7845833333333333,12.366812705993652
0.4454863,0.7927083333333333,0.4519192,0.7845833333333333,12.368623733520508
0.44548446,0.7927083333333333,0.45191774,0.7845833333333333,12.370434522628784
0.44548258,0.7927083333333333,0.45191625,0.7845833333333333,12.372195959091187
0.4454808,0.7927083333333333,0.4519148,0.7845833333333333,12.373952865600586
0.44547892,0.7927083333333333,0.4519133,0.7845833333333333,12.375722408294678
0.4454771,0.7927083333333333,0.45191193,0.7845833333333333,12.37748098373413
0.44547525,0.7927083333333333,0.45191056,0.7845833333333333,12.379234075546265
0.44547343,0.7927083333333333,0.45190907,0.7845833333333333,12.381072044372559
0.44547158,0.7927083333333333,0.4519077,0.7845833333333333,12.382843971252441
0.44546977,0.7927083333333333,0.45190623,0.7845833333333333,12.38461446762085
0.4454679,0.7927083333333333,0.4519048,0.7845833333333333,12.3863685131073
0.44546616,0.7927083333333333,0.45190334,0.7845833333333333,12.388138055801392
0.44546428,0.7927083333333333,0.45190185,0.7845833333333333,12.389896392822266
0.44546244,0.7927083333333333,0.4519004,0.7845833333333333,12.391666173934937
0.44546062,0.7927083333333333,0.4518989,0.7845833333333333,12.393417835235596
0.44545877,0.7927083333333333,0.45189744,0.7845833333333333,12.395163774490356
0.44545695,0.7927083333333333,0.451896,0.7845833333333333,12.396992206573486
0.4454551,0.7927083333333333,0.45189458,0.7845833333333333,12.39881181716919
0.44545335,0.7927083333333333,0.45189315,0.7845833333333333,12.400569677352905
0.44545147,0.7927083333333333,0.4518917,0.7845833333333333,12.402320384979248
0.44544962,0.7927083333333333,0.4518902,0.7845833333333333,12.404128551483154
0.44544783,0.7927083333333333,0.45188877,0.7845833333333333,12.405880451202393
0.44544595,0.7927083333333333,0.45188737,0.7845833333333333,12.40764045715332
0.44544414,0.7927083333333333,0.45188582,0.7845833333333333,12.409390687942505
0.4454423,0.7927083333333333,0.45188436,0.7845833333333333,12.41120719909668
0.44544053,0.7927083333333333,0.45188287,0.7845833333333333,12.412970781326294
0.44543868,0.7927083333333333,0.45188135,0.7845833333333333,12.41478157043457
0.44543687,0.7927083333333333,0.4518799,0.7845833333333333,12.416542530059814
0.44543502,0.7927083333333333,0.45187837,0.7845833333333333,12.418354272842407
0.44543326,0.7927083333333333,0.45187682,0.7845833333333333,12.420161962509155
0.4454314,0.7927083333333333,0.4518753,0.7845833333333333,12.421964406967163
0.4454296,0.7927083333333333,0.45187384,0.7845833333333333,12.423714876174927
0.44542775,0.7927083333333333,0.45187232,0.7845833333333333,12.42552638053894
0.44542593,0.7927083333333333,0.45187077,0.7845833333333333,12.427279949188232
0.44542408,0.7927083333333333,0.4518694,0.7845833333333333,12.429089307785034
0.44542226,0.7927083333333333,0.45186803,0.7845833333333333,12.430896282196045
0.44542044,0.7927083333333333,0.45186666,0.7845833333333333,12.432711124420166
0.44541854,0.7927083333333333,0.45186514,0.7845833333333333,12.434528827667236
0.4454168,0.7927083333333333,0.4518637,0.7845833333333333,12.436295509338379
0.44541493,0.7927083333333333,0.45186225,0.7845833333333333,12.438047409057617
0.4454131,0.7927083333333333,0.45186082,0.7845833333333333,12.439805746078491
0.44541126,0.7927083333333333,0.4518593,0.7845833333333333,12.441559314727783
0.4454095,0.7927083333333333,0.45185786,0.7845833333333333,12.44336462020874
0.44540772,0.7927083333333333,0.4518563,0.7845833333333333,12.445119857788086
0.44540584,0.7927083333333333,0.4518548,0.7845833333333333,12.446864604949951
0.445404,0.7927083333333333,0.45185328,0.7845833333333333,12.44868540763855
0.44540218,0.7927083333333333,0.4518517,0.7845833333333333,12.450441837310791
0.44540033,0.7927083333333333,0.45185018,0.7845833333333333,12.452254295349121
0.4453985,0.7927083333333333,0.45184854,0.7845833333333333,12.454000473022461
0.4453967,0.7927083333333333,0.45184734,0.7845833333333333,12.455770254135132
0.44539484,0.7927083333333333,0.45184594,0.7845833333333333,12.457518339157104
0.44539303,0.7927083333333333,0.45184463,0.7845833333333333,12.45928144454956
0.44539115,0.7927083333333333,0.45184332,0.7845833333333333,12.461032390594482
0.4453893,0.7927083333333333,0.4518419,0.7845833333333333,12.462843418121338
0.44538742,0.7927083333333333,0.45184046,0.7845833333333333,12.46465516090393
0.44538555,0.7927083333333333,0.45183903,0.7845833333333333,12.466466426849365
0.44538376,0.7927083333333333,0.45183766,0.7845833333333333,12.468237400054932
0.44538194,0.7927083333333333,0.45183614,0.7845833333333333,12.470047950744629
0.4453801,0.7927083333333333,0.4518347,0.7845833333333333,12.471802711486816
0.4453782,0.7927083333333333,0.45183325,0.7845833333333333,12.47355318069458
0.4453764,0.7927083333333333,0.45183167,0.7845833333333333,12.475308418273926
0.4453745,0.7927083333333333,0.45183015,0.7845833333333333,12.477067470550537
0.44537267,0.7927083333333333,0.45182866,0.7845833333333333,12.478869915008545
0.44537085,0.7927083333333333,0.45182708,0.7845833333333333,12.480713367462158
0.44536895,0.7927083333333333,0.45182562,0.7845833333333333,12.48246455192566
0.44536713,0.7927083333333333,0.45182404,0.7845833333333333,12.484227657318115
0.4453653,0.7927083333333333,0.45182246,0.7845833333333333,12.48604154586792
0.4453634,0.7927083333333333,0.45182094,0.7845833333333333,12.487859010696411
0.44536152,0.7927083333333333,0.45181936,0.7845833333333333,12.48961591720581
0.44535974,0.7927083333333333,0.45181784,0.7845833333333333,12.49142575263977
0.44535792,0.7927083333333333,0.45181626,0.7845833333333333,12.49323034286499
0.4453561,0.7927083333333333,0.45181462,0.7845833333333333,12.49498438835144
0.4453542,0.7927083333333333,0.45181304,0.7845833333333333,12.49673318862915
0.44535232,0.7927083333333333,0.45181146,0.7845833333333333,12.498496532440186
0.44535056,0.7926041666666667,0.45180994,0.7845833333333333,12.500247478485107
0.44534865,0.7926041666666667,0.45180833,0.7845833333333333,12.502057313919067
0.44534683,0.7926041666666667,0.4518067,0.7845833333333333,12.503814697265625
0.44534495,0.7926041666666667,0.4518051,0.7845833333333333,12.505640268325806
0.4453431,0.7926041666666667,0.45180354,0.7845833333333333,12.507392883300781
0.4453413,0.7926041666666667,0.45180202,0.7845833333333333,12.50914740562439
0.44533947,0.7926041666666667,0.45180038,0.7845833333333333,12.510952234268188
0.44533762,0.7926041666666667,0.4517988,0.7845833333333333,12.512764930725098
0.44533575,0.7926041666666667,0.4517972,0.7845833333333333,12.514511108398438
0.44533393,0.7926041666666667,0.45179555,0.7845833333333333,12.516274690628052
0.44533208,0.7926041666666667,0.45179397,0.7845833333333333,12.518045902252197
0.44533026,0.7926041666666667,0.4517923,0.7845833333333333,12.519883155822754
0.4453284,0.7926041666666667,0.45179072,0.7845833333333333,12.5216383934021
0.44532654,0.7926041666666667,0.45178914,0.7845833333333333,12.523452997207642
0.44532472,0.7926041666666667,0.4517875,0.7845833333333333,12.525259017944336
0.4453228,0.7926041666666667,0.45178583,0.7845833333333333,12.52706503868103
0.44532108,0.7926041666666667,0.45178425,0.7845833333333333,12.528820753097534
0.4453192,0.7926041666666667,0.45178264,0.7845833333333333,12.530635595321655
0.4453174,0.7926041666666667,0.451781,0.7845833333333333,12.532450199127197
0.4453156,0.7926041666666667,0.45177937,0.7845833333333333,12.534209489822388
0.44531372,0.7925,0.45177776,0.7845833333333333,12.536022424697876
0.44531184,0.7925,0.45177606,0.7845833333333333,12.537830114364624
0.44531006,0.7925,0.4517745,0.7845833333333333,12.539647340774536
0.44530824,0.7925,0.45177293,0.7845833333333333,12.541465044021606
0.44530633,0.7925,0.45177123,0.7845833333333333,12.543219804763794
0.4453045,0.7926041666666667,0.45176956,0.7845833333333333,12.544985055923462
0.4453027,0.7926041666666667,0.45176798,0.7845833333333333,12.54672908782959
0.44530085,0.7926041666666667,0.4517664,0.7845833333333333,12.548538208007812
0.44529903,0.7926041666666667,0.45176473,0.7845833333333333,12.550344228744507
0.44529718,0.7926041666666667,0.4517631,0.7845833333333333,12.552165508270264
0.4452953,0.7926041666666667,0.45176142,0.7845833333333333,12.553926944732666
0.4452935,0.7926041666666667,0.4517599,0.7845833333333333,12.55568790435791
0.44529164,0.7926041666666667,0.4517582,0.7845833333333333,12.557446956634521
0.44528976,0.7926041666666667,0.45175648,0.7845833333333333,12.559199571609497
0.44528794,0.7926041666666667,0.45175496,0.7845833333333333,12.561016321182251
0.4452861,0.7926041666666667,0.45175335,0.7845833333333333,12.562864303588867
0.44528428,0.7926041666666667,0.45175177,0.7845833333333333,12.564687728881836
0.4452824,0.7927083333333333,0.45175007,0.7845833333333333,12.566448450088501
0.44528055,0.7927083333333333,0.45174846,0.7845833333333333,12.56820821762085
0.44527873,0.7927083333333333,0.45174676,0.7845833333333333,12.569956541061401
0.4452769,0.7927083333333333,0.45174524,0.7845833333333333,12.571775913238525
0.44527507,0.7927083333333333,0.4517435,0.785,12.573535680770874
0.44527328,0.7927083333333333,0.4517419,0.785,12.575289726257324
0.4452714,0.7927083333333333,0.45174026,0.785,12.577045917510986
0.44526958,0.7927083333333333,0.45173863,0.785,12.578851461410522
0.44526774,0.7927083333333333,0.45173702,0.785,12.580611944198608
0.44526592,0.7927083333333333,0.45173538,0.785,12.582367897033691
0.44526404,0.7927083333333333,0.45173377,0.785,12.584120035171509
0.4452622,0.7927083333333333,0.45173204,0.785,12.58592700958252
0.44526038,0.7927083333333333,0.4517304,0.785,12.587700605392456
0.44525853,0.7927083333333333,0.45172873,0.785,12.589466333389282
0.4452567,0.7927083333333333,0.451727,0.785,12.591220378875732
0.44525486,0.7927083333333333,0.45172527,0.785,12.593026638031006
0.44525298,0.7927083333333333,0.45172355,0.785,12.59477972984314
0.44525117,0.7927083333333333,0.4517219,0.785,12.596543312072754
0.44524938,0.7927083333333333,0.45172024,0.785,12.598304271697998
0.44524756,0.7927083333333333,0.4517186,0.785,12.600069284439087
0.4452457,0.7927083333333333,0.45171696,0.785,12.601815462112427
0.4452439,0.7927083333333333,0.4517153,0.785,12.603631496429443
0.44524202,0.7927083333333333,0.45171365,0.785,12.605494499206543
0.44524023,0.7927083333333333,0.45171198,0.785,12.60724139213562
0.44523844,0.7927083333333333,0.45171034,0.785,12.60900092124939
0.44523656,0.7927083333333333,0.45170873,0.785,12.610759735107422
0.44523475,0.7927083333333333,0.45170707,0.785,12.612583637237549
0.4452329,0.7927083333333333,0.45170537,0.785,12.614330768585205
0.4452311,0.7927083333333333,0.45170376,0.785,12.616095781326294
0.4452293,0.7927083333333333,0.4517022,0.785,12.617888450622559
0.44522744,0.7927083333333333,0.45170054,0.785,12.619738578796387
0.44522563,0.7927083333333333,0.4516989,0.785,12.621490240097046
0.44522375,0.7927083333333333,0.45169735,0.785,12.623241424560547
0.44522196,0.7927083333333333,0.4516957,0.785,12.625061988830566
0.44522017,0.7927083333333333,0.45169404,0.785,12.626814842224121
0.44521835,0.7927083333333333,0.45169246,0.785,12.628627061843872
0.44521654,0.7927083333333333,0.45169076,0.785,12.630435228347778
0.4452147,0.7927083333333333,0.4516891,0.785,12.63219928741455
0.44521287,0.7927083333333333,0.45168737,0.785,12.633994817733765
0.44521102,0.7927083333333333,0.45168573,0.785,12.635811805725098
0.4452092,0.7927083333333333,0.45168406,0.785,12.637614488601685
0.44520742,0.7927083333333333,0.45168248,0.785,12.639429807662964
0.4452056,0.7927083333333333,0.45168087,0.785,12.641179084777832
0.44520375,0.7927083333333333,0.45167923,0.785,12.642938137054443
0.44520193,0.7927083333333333,0.4516776,0.785,12.644696474075317
0.44520015,0.7927083333333333,0.45167598,0.785,12.646453619003296
0.44519836,0.7927083333333333,0.45167428,0.7845833333333333,12.64821720123291
0.44519648,0.7927083333333333,0.45167273,0.7845833333333333,12.64996337890625
0.4451947,0.7927083333333333,0.45167103,0.7845833333333333,12.65172290802002
0.44519296,0.7927083333333333,0.45166942,0.7845833333333333,12.653534412384033
0.44519114,0.7927083333333333,0.4516678,0.7845833333333333,12.655344724655151
0.4451893,0.7927083333333333,0.45166612,0.7845833333333333,12.657163143157959
0.44518748,0.7927083333333333,0.4516644,0.7845833333333333,12.65897536277771
0.4451856,0.7927083333333333,0.4516627,0.7845833333333333,12.660744190216064
0.4451838,0.7927083333333333,0.45166102,0.7845833333333333,12.662559032440186
0.445182,0.7927083333333333,0.45165938,0.7845833333333333,12.664334297180176
0.4451802,0.7927083333333333,0.45165765,0.7845833333333333,12.666086435317993
0.4451784,0.7927083333333333,0.45165598,0.7845833333333333,12.667849779129028
0.44517654,0.7927083333333333,0.45165431,0.7845833333333333,12.669602394104004
0.44517472,0.7927083333333333,0.4516526,0.7845833333333333,12.671353340148926
0.44517294,0.7927083333333333,0.45165095,0.7845833333333333,12.67311429977417
0.4451711,0.7927083333333333,0.45164928,0.7845833333333333,12.67492151260376
0.44516927,0.7927083333333333,0.45164764,0.7845833333333333,12.67675256729126
0.44516745,0.7927083333333333,0.45164597,0.7845833333333333,12.678550243377686
0.44516566,0.7927083333333333,0.45164433,0.7845833333333333,12.680368423461914
0.44516382,0.7927083333333333,0.45164272,0.7845833333333333,12.682183980941772
0.445162,0.7927083333333333,0.45164114,0.7845833333333333,12.68395733833313
0.4451602,0.7927083333333333,0.45163944,0.7845833333333333,12.685715198516846
0.4451584,0.7927083333333333,0.45163786,0.7845833333333333,12.687475681304932
0.44515654,0.7927083333333333,0.45163614,0.7845833333333333,12.689279317855835
0.4451548,0.7927083333333333,0.45163453,0.7845833333333333,12.691097736358643
0.44515294,0.7927083333333333,0.45163295,0.7845833333333333,12.692915678024292
0.44515115,0.7927083333333333,0.45163137,0.7845833333333333,12.694670915603638
0.44514933,0.7927083333333333,0.4516297,0.7845833333333333,12.696439981460571
0.4451475,0.7927083333333333,0.45162806,0.7845833333333333,12.698200464248657
0.44514567,0.7927083333333333,0.45162648,0.7845833333333333,12.699951887130737
0.44514385,0.7927083333333333,0.4516248,0.7845833333333333,12.701709747314453
0.44514206,0.7927083333333333,0.45162323,0.7845833333333333,12.703547239303589
0.44514027,0.7927083333333333,0.4516216,0.7845833333333333,12.705353736877441
0.44513845,0.7927083333333333,0.45161998,0.7845833333333333,12.707104682922363
0.4451366,0.7927083333333333,0.45161834,0.7845833333333333,12.708868265151978
0.44513485,0.7926041666666667,0.45161676,0.7845833333333333,12.710675477981567
0.445133,0.7926041666666667,0.45161515,0.7845833333333333,12.712443828582764
0.44513112,0.7926041666666667,0.45161358,0.7845833333333333,12.714260339736938
0.44512933,0.7926041666666667,0.45161194,0.7845833333333333,12.716036796569824
0.44512758,0.7926041666666667,0.45161036,0.7845833333333333,12.717804670333862
0.44512573,0.7926041666666667,0.45160878,0.7845833333333333,12.719626665115356
0.4451239,0.7926041666666667,0.45160717,0.7845833333333333,12.72138786315918
0.44512212,0.7926041666666667,0.4516056,0.7845833333333333,12.723162651062012
0.44512033,0.7926041666666667,0.451604,0.7845833333333333,12.724987983703613
0.44511852,0.7926041666666667,0.45160237,0.7845833333333333,12.726795673370361
0.44511673,0.7926041666666667,0.45160076,0.7845833333333333,12.728617668151855
0.4451149,0.7926041666666667,0.4515992,0.7845833333333333,12.730419635772705
0.44511312,0.7926041666666667,0.45159754,0.7845833333333333,12.732202529907227
0.44511127,0.7926041666666667,0.45159596,0.7845833333333333,12.733960390090942
0.44510946,0.7926041666666667,0.4515943,0.7845833333333333,12.735732316970825
0.44510767,0.7927083333333333,0.45159265,0.7845833333333333,12.737477540969849
0.44510585,0.7927083333333333,0.45159104,0.7845833333333333,12.739225387573242
0.44510406,0.7927083333333333,0.45158947,0.7845833333333333,12.74098515510559
0.44510224,0.7927083333333333,0.45158783,0.7845833333333333,12.742740154266357
0.44510046,0.7927083333333333,0.4515864,0.7845833333333333,12.744500637054443
0.44509858,0.7928125,0.451585,0.7845833333333333,12.746257066726685
0.4450968,0.7929166666666667,0.45158342,0.7845833333333333,12.748018026351929
0.44509497,0.7929166666666667,0.45158178,0.7845833333333333,12.749844074249268
0.44509307,0.7929166666666667,0.45158032,0.7845833333333333,12.751681804656982
0.4450913,0.7929166666666667,0.45157874,0.7845833333333333,12.75343656539917
0.44508946,0.7929166666666667,0.4515772,0.7845833333333333,12.755192756652832
0.44508764,0.7929166666666667,0.45157567,0.7845833333333333,12.756945848464966
0.44508585,0.7929166666666667,0.45157415,0.7845833333333333,12.758699417114258
0.44508398,0.7929166666666667,0.45157257,0.7845833333333333,12.760527610778809
0.44508216,0.7929166666666667,0.45157105,0.7845833333333333,12.762284517288208
0.4450803,0.7929166666666667,0.45156947,0.7845833333333333,12.764107942581177
0.44507858,0.7929166666666667,0.45156783,0.7845833333333333,12.765913724899292
0.4450767,0.7929166666666667,0.45156637,0.7845833333333333,12.767671585083008
0.44507498,0.7929166666666667,0.45156473,0.7845833333333333,12.769447803497314
0.4450731,0.7929166666666667,0.45156315,0.7845833333333333,12.77121877670288
0.44507125,0.7929166666666667,0.45156163,0.7845833333333333,12.772976398468018
0.44506943,0.7929166666666667,0.45156005,0.7845833333333333,12.774787425994873
0.44506764,0.7929166666666667,0.45155847,0.7845833333333333,12.776602983474731
0.44506577,0.7929166666666667,0.45155686,0.7845833333333333,12.778364419937134
0.44506395,0.7929166666666667,0.45155522,0.7845833333333333,12.780128955841064
0.44506216,0.7929166666666667,0.4515537,0.7845833333333333,12.781877517700195
0.44506028,0.7929166666666667,0.45155212,0.7845833333333333,12.78364109992981
0.4450585,0.7929166666666667,0.45155054,0.7845833333333333,12.785459995269775
0.4450567,0.7929166666666667,0.45154896,0.7845833333333333,12.787269592285156
0.44505483,0.7929166666666667,0.45154735,0.7845833333333333,12.789029598236084
0.445053,0.7929166666666667,0.45154572,0.7845833333333333,12.790787935256958
0.44505122,0.7929166666666667,0.45154405,0.7845833333333333,12.792613744735718
0.44504943,0.7929166666666667,0.45154235,0.7845833333333333,12.794374465942383
0.44504756,0.7929166666666667,0.45154074,0.7845833333333333,12.796199798583984
0.44504577,0.7929166666666667,0.4515391,0.7845833333333333,12.798008441925049
0.44504395,0.7929166666666667,0.4515375,0.7845833333333333,12.799769401550293
0.44504216,0.7929166666666667,0.4515358,0.7845833333333333,12.801575899124146
0.44504035,0.7929166666666667,0.45153412,0.7845833333333333,12.803337574005127
0.4450385,0.7929166666666667,0.45153248,0.7845833333333333,12.805101156234741
0.4450367,0.7930208333333333,0.4515308,0.7845833333333333,12.806857347488403
0.44503483,0.7930208333333333,0.45152915,0.7845833333333333,12.808613538742065
0.44503307,0.7930208333333333,0.4515275,0.7845833333333333,12.810358047485352
0.4450313,0.7930208333333333,0.45152584,0.7845833333333333,12.812122583389282
0.4450294,0.7930208333333333,0.4515242,0.7845833333333333,12.813872575759888
0.44502762,0.7930208333333333,0.45152253,0.7845833333333333,12.815631628036499
0.44502583,0.7930208333333333,0.4515209,0.7845833333333333,12.817377090454102
0.44502395,0.7930208333333333,0.4515193,0.7845833333333333,12.819198846817017
0.44502214,0.7930208333333333,0.45151758,0.7845833333333333,12.820957899093628
0.4450203,0.7930208333333333,0.4515159,0.7845833333333333,12.822712659835815
0.44501856,0.7930208333333333,0.45151418,0.7845833333333333,12.824541568756104
0.44501668,0.7930208333333333,0.45151252,0.7845833333333333,12.826296091079712
0.4450149,0.7930208333333333,0.45151082,0.7845833333333333,12.828117609024048
0.44501308,0.7930208333333333,0.4515091,0.7845833333333333,12.82987356185913
0.44501123,0.7930208333333333,0.4515075,0.7845833333333333,12.831631898880005
0.4450094,0.7930208333333333,0.45150584,0.7845833333333333,12.833379030227661
0.4450076,0.7930208333333333,0.45150447,0.7845833333333333,12.835191011428833
0.44500574,0.7930208333333333,0.45150304,0.7845833333333333,12.837018728256226
0.44500393,0.7930208333333333,0.45150173,0.7845833333333333,12.838770627975464
0.44500208,0.7930208333333333,0.45150024,0.7845833333333333,12.84053921699524
0.44500026,0.7930208333333333,0.4514988,0.7845833333333333,12.84229302406311
0.44499847,0.7929166666666667,0.4514974,0.7845833333333333,12.844115257263184
0.4449966,0.7929166666666667,0.45149598,0.7845833333333333,12.845882177352905
0.4449948,0.7929166666666667,0.45149446,0.7845833333333333,12.847649097442627
0.44499293,0.7929166666666667,0.45149302,0.7845833333333333,12.84940481185913
0.44499114,0.7929166666666667,0.4514916,0.7845833333333333,12.851161241531372
0.44498938,0.7929166666666667,0.45149,0.7845833333333333,12.852922677993774
0.44498754,0.7929166666666667,0.45148855,0.7845833333333333,12.854674577713013
0.44498572,0.7929166666666667,0.45148706,0.7845833333333333,12.856438875198364
0.44498387,0.7928125,0.4514857,0.7845833333333333,12.858261585235596
0.444982,0.7928125,0.45148438,0.7845833333333333,12.860085010528564
0.4449802,0.7928125,0.45148295,0.7845833333333333,12.861897230148315
0.4449784,0.7928125,0.45148164,0.7845833333333333,12.86366081237793
0.44497654,0.7928125,0.45148015,0.7845833333333333,12.865478277206421
0.44497466,0.7928125,0.45147872,0.7845833333333333,12.867291688919067
0.4449729,0.7928125,0.45147735,0.7845833333333333,12.869109392166138
0.44497105,0.7928125,0.45147583,0.7845833333333333,12.870860815048218
0.44496924,0.7928125,0.4514744,0.7845833333333333,12.872672319412231
0.4449674,0.7928125,0.45147297,0.7845833333333333,12.874486446380615
0.4449655,0.7928125,0.4514715,0.7845833333333333,12.876296281814575
0.44496372,0.7928125,0.45147002,0.7845833333333333,12.878109216690063
0.44496185,0.7928125,0.45146856,0.7845833333333333,12.879873275756836
0.4449601,0.7928125,0.45146713,0.7845833333333333,12.881628274917603
0.44495824,0.7928125,0.45146567,0.7845833333333333,12.88344144821167
0.44495636,0.7928125,0.45146418,0.7845833333333333,12.885192394256592
0.4449545,0.7928125,0.45146272,0.7845833333333333,12.886941194534302
0.4449527,0.7928125,0.45146123,0.7845833333333333,12.888707399368286
0.4449509,0.7928125,0.45145977,0.7845833333333333,12.89046311378479
0.4449491,0.7928125,0.45145833,0.7845833333333333,12.892225980758667
0.44494724,0.7928125,0.45145682,0.7845833333333333,12.893979787826538
0.44494542,0.7928125,0.4514553,0.7845833333333333,12.895740747451782
0.4449436,0.7928125,0.45145375,0.7845833333333333,12.897495985031128
0.4449417,0.7928125,0.45145229,0.7845833333333333,12.899313688278198
0.44493994,0.7928125,0.45145077,0.7845833333333333,12.901135683059692
0.4449381,0.7928125,0.45144928,0.7845833333333333,12.902902364730835
0.44493628,0.7928125,0.45144784,0.7845833333333333,12.904667854309082
0.44493443,0.7928125,0.45144632,0.7845833333333333,12.906485080718994
0.44493267,0.7928125,0.45144475,0.7845833333333333,12.908310890197754
0.44493082,0.7928125,0.45144328,0.7845833333333333,12.910072088241577
0.44492894,0.7928125,0.4514418,0.7845833333333333,12.911837339401245
0.44492713,0.7928125,0.45144027,0.7845833333333333,12.913602113723755
0.44492528,0.7928125,0.4514388,0.7845833333333333,12.915423393249512
0.44492355,0.7928125,0.45143732,0.7845833333333333,12.917237520217896
0.44492167,0.7928125,0.4514358,0.7845833333333333,12.919045209884644
0.44491988,0.7928125,0.4514343,0.7845833333333333,12.920862436294556
0.444918,0.7928125,0.4514327,0.7845833333333333,12.922629833221436
0.44491622,0.7928125,0.45143127,0.7845833333333333,12.924447774887085
0.44491434,0.7928125,0.45142975,0.7845833333333333,12.926271915435791
0.44491255,0.7928125,0.45142826,0.7845833333333333,12.928045988082886
0.44491068,0.7928125,0.45142674,0.7845833333333333,12.929797887802124
0.44490892,0.7928125,0.45142528,0.7845833333333333,12.931620359420776
0.44490707,0.7928125,0.4514237,0.7845833333333333,12.933380365371704
0.44490525,0.7928125,0.45142218,0.7845833333333333,12.935177564620972
0.4449034,0.7928125,0.45142063,0.7845833333333333,12.936944246292114
0.4449016,0.7928125,0.45141903,0.7845833333333333,12.938689470291138
0.4448998,0.7928125,0.45141748,0.7845833333333333,12.940518856048584
0.44489792,0.7928125,0.45141593,0.7845833333333333,12.942327737808228
0.44489613,0.7928125,0.45141438,0.7845833333333333,12.944143533706665
0.4448944,0.7928125,0.45141277,0.7845833333333333,12.945900201797485
0.4448926,0.7928125,0.4514112,0.7845833333333333,12.947718143463135
0.4448907,0.7928125,0.45140967,0.7845833333333333,12.949687480926514
0.44488892,0.7928125,0.45140803,0.7845833333333333,12.95152997970581
0.44488707,0.7928125,0.4514065,0.7845833333333333,12.953336954116821
0.4448853,0.7928125,0.451405,0.7845833333333333,12.955141544342041
0.44488347,0.7928125,0.4514034,0.7845833333333333,12.95690369606018
0.44488165,0.7928125,0.4514019,0.7845833333333333,12.958669424057007
0.4448798,0.7928125,0.45140034,0.7845833333333333,12.96043610572815
0.44487804,0.7927083333333333,0.45139876,0.7845833333333333,12.96219253540039
0.44487616,0.7927083333333333,0.4513972,0.7845833333333333,12.963953256607056
0.44487438,0.7927083333333333,0.45139566,0.7845833333333333,12.965755224227905
0.44487253,0.7927083333333333,0.45139408,0.7845833333333333,12.9675772190094
0.44487077,0.7927083333333333,0.45139262,0.7845833333333333,12.969342470169067
0.44486886,0.7927083333333333,0.45139098,0.7845833333333333,12.971145868301392
0.44486704,0.7927083333333333,0.45138946,0.7845833333333333,12.972962617874146
0.44486523,0.7927083333333333,0.45138794,0.7845833333333333,12.974766492843628
0.44486338,0.7927083333333333,0.4513862,0.7845833333333333,12.97652816772461
0.44486165,0.7927083333333333,0.45138443,0.7845833333333333,12.978330135345459
0.44485983,0.7927083333333333,0.45138296,0.7845833333333333,12.980103015899658
0.44485795,0.7927083333333333,0.45138118,0.7845833333333333,12.98185110092163
0.4448561,0.7927083333333333,0.45137966,0.7845833333333333,12.983625173568726
0.44485432,0.7927083333333333,0.45137802,0.7845833333333333,12.985383987426758
0.4448525,0.7927083333333333,0.4513762,0.7845833333333333,12.987139701843262
0.44485065,0.7927083333333333,0.4513747,0.7845833333333333,12.988904237747192
0.44484884,0.7927083333333333,0.45137304,0.7845833333333333,12.990651607513428
0.44484705,0.7927083333333333,0.45137137,0.7845833333333333,12.992532730102539
0.44484517,0.7927083333333333,0.45136988,0.7845833333333333,12.99435043334961
0.44484338,0.7927083333333333,0.4513682,0.7845833333333333,12.996115922927856
0.44484156,0.7927083333333333,0.45136657,0.7845833333333333,12.997872829437256
0.44483978,0.7927083333333333,0.45136505,0.7845833333333333,12.999689817428589
0.44483796,0.7927083333333333,0.45136338,0.7845833333333333,13.001451015472412
0.4448361,0.7927083333333333,0.4513617,0.7845833333333333,13.003199100494385
0.4448343,0.7927083333333333,0.45136032,0.7845833333333333,13.004962921142578
0.4448325,0.7927083333333333,0.4513586,0.7845833333333333,13.006794214248657
0.4448307,0.7927083333333333,0.45135698,0.7845833333333333,13.008556842803955
0.44482884,0.7927083333333333,0.45135543,0.7845833333333333,13.010298728942871
0.44482702,0.7927083333333333,0.45135385,0.7845833333333333,13.01206111907959
0.44482517,0.7927083333333333,0.45135212,0.7845833333333333,13.013812065124512
0.44482335,0.7927083333333333,0.45135072,0.7845833333333333,13.01563048362732
0.44482157,0.7927083333333333,0.45134902,0.7845833333333333,13.017444133758545
0.44481975,0.7927083333333333,0.45134744,0.7845833333333333,13.019205808639526
0.4448179,0.7927083333333333,0.45134607,0.7845833333333333,13.020959377288818
0.44481608,0.7927083333333333,0.45134434,0.7845833333333333,13.022776365280151
0.4448143,0.7927083333333333,0.45134294,0.7845833333333333,13.024542331695557
0.44481248,0.7927083333333333,0.45134124,0.7845833333333333,13.026296615600586
0.44481063,0.7927083333333333,0.45133966,0.7845833333333333,13.028053522109985
0.44480887,0.7927083333333333,0.45133826,0.7845833333333333,13.029810905456543
0.44480702,0.7927083333333333,0.4513365,0.7845833333333333,13.031632900238037
0.44480523,0.7927083333333333,0.4513349,0.7845833333333333,13.033394575119019
0.44480336,0.7927083333333333,0.45133352,0.7845833333333333,13.035147428512573
0.44480154,0.7927083333333333,0.45133194,0.7845833333333333,13.036916017532349
0.44479975,0.7927083333333333,0.45133027,0.7845833333333333,13.038731336593628
0.44479793,0.7927083333333333,0.45132887,0.7845833333333333,13.040549516677856
0.44479614,0.7927083333333333,0.45132732,0.7845833333333333,13.042356729507446
0.4447943,0.7927083333333333,0.45132568,0.7845833333333333,13.044121980667114
0.44479254,0.7927083333333333,0.45132425,0.7845833333333333,13.045873403549194
0.4447907,0.7927083333333333,0.4513226,0.7845833333333333,13.047640085220337
0.44478887,0.7927083333333333,0.451321,0.7845833333333333,13.049457311630249
0.44478709,0.7927083333333333,0.45131963,0.7845833333333333,13.05120062828064
0.44478527,0.7927083333333333,0.4513179,0.7845833333333333,13.053016901016235
0.44478342,0.7927083333333333,0.45131654,0.7845833333333333,13.054779529571533
0.4447816,0.7927083333333333,0.45131484,0.7845833333333333,13.056600570678711
0.44477975,0.7927083333333333,0.4513133,0.7845833333333333,13.05835509300232
0.44477794,0.7927083333333333,0.45131215,0.7845833333333333,13.060118436813354
0.4447761,0.7927083333333333,0.45131084,0.7845833333333333,13.061919689178467
0.44477427,0.7927083333333333,0.45130935,0.7845833333333333,13.063678741455078
0.44477245,0.7927083333333333,0.45130813,0.7845833333333333,13.065446853637695
0.4447706,0.7927083333333333,0.4513067,0.7845833333333333,13.067200660705566
0.44476882,0.7927083333333333,0.45130548,0.7845833333333333,13.06896710395813
0.44476694,0.7927083333333333,0.45130408,0.7845833333333333,13.070784330368042
0.44476512,0.7927083333333333,0.4513026,0.7845833333333333,13.072548389434814
0.44476327,0.7927083333333333,0.4513013,0.7845833333333333,13.074307918548584
0.44476146,0.7927083333333333,0.45129985,0.7845833333333333,13.076119184494019
0.44475964,0.7927083333333333,0.45129833,0.7845833333333333,13.077874183654785
0.4447578,0.7927083333333333,0.45129704,0.7845833333333333,13.079636096954346
0.4447559,0.7927083333333333,0.45129552,0.7845833333333333,13.081387042999268
0.44475412,0.7927083333333333,0.4512943,0.7845833333333333,13.083136320114136
0.4447523,0.7927083333333333,0.45129278,0.7845833333333333,13.08495569229126
0.44475052,0.7927083333333333,0.4512913,0.7845833333333333,13.086771249771118
0.44474864,0.7927083333333333,0.45128998,0.7845833333333333,13.088537216186523
0.4447468,0.7927083333333333,0.4512885,0.7845833333333333,13.090346813201904
0.44474497,0.7927083333333333,0.45128718,0.7845833333333333,13.092155456542969
0.44474316,0.7927083333333333,0.4512856,0.7845833333333333,13.093981742858887
0.4447413,0.7927083333333333,0.45128414,0.7845833333333333,13.095789909362793
0.44473952,0.7927083333333333,0.4512828,0.7845833333333333,13.097590923309326
0.4447377,0.7927083333333333,0.45128128,0.7845833333333333,13.099339485168457
0.44473588,0.7927083333333333,0.45127997,0.7845833333333333,13.101108074188232
0.44473398,0.7927083333333333,0.4512784,0.7845833333333333,13.102862358093262
0.44473222,0.7927083333333333,0.45127687,0.7845833333333333,13.104617595672607
0.44473043,0.7927083333333333,0.45127553,0.7845833333333333,13.106374025344849
0.44472858,0.7927083333333333,0.4512738,0.7845833333333333,13.108138799667358
0.4447267,0.7927083333333333,0.45127237,0.7845833333333333,13.109891653060913
0.4447249,0.7927083333333333,0.45127064,0.7845833333333333,13.111719131469727
0.44472304,0.7927083333333333,0.45126924,0.7845833333333333,13.113526582717896
0.44472128,0.7927083333333333,0.45126754,0.7845833333333333,13.115335702896118
0.4447194,0.7927083333333333,0.4512661,0.7845833333333333,13.117091655731201
0.44471762,0.7927083333333333,0.45126456,0.7845833333333333,13.118887424468994
0.44471577,0.7927083333333333,0.45126307,0.7845833333333333,13.12066102027893
0.44471395,0.7927083333333333,0.4512614,0.7845833333333333,13.122410297393799
0.44471213,0.7927083333333333,0.45125982,0.7845833333333333,13.12415885925293
0.44471028,0.7927083333333333,0.4512584,0.7845833333333333,13.125909328460693
0.44470847,0.7927083333333333,0.4512568,0.7845833333333333,13.12767505645752
0.44470662,0.7926041666666667,0.45125538,0.7845833333333333,13.129441499710083
0.4447048,0.7926041666666667,0.4512537,0.7845833333333333,13.131214141845703
0.44470295,0.7926041666666667,0.45125243,0.7845833333333333,13.132968187332153
0.44470114,0.7926041666666667,0.45125076,0.7845833333333333,13.134784698486328
0.4446993,0.7926041666666667,0.4512494,0.7845833333333333,13.136553287506104
0.44469753,0.7926041666666667,0.4512478,0.7845833333333333,13.138370513916016
0.44469574,0.7926041666666667,0.45124644,0.7845833333333333,13.140197277069092
0.44469392,0.7926041666666667,0.4512448,0.7845833333333333,13.141946077346802
0.44469208,0.7926041666666667,0.45124343,0.7845833333333333,13.143774271011353
0.44469026,0.7926041666666667,0.45124176,0.7845833333333333,13.145535707473755
0.4446884,0.7926041666666667,0.4512404,0.7845833333333333,13.14729619026184
0.4446866,0.7926041666666667,0.4512388,0.7845833333333333,13.149061918258667
0.4446848,0.7926041666666667,0.45123717,0.7845833333333333,13.150816202163696
0.444683,0.7926041666666667,0.45123586,0.7845833333333333,13.152576923370361
0.44468114,0.7926041666666667,0.45123422,0.7845833333333333,13.154391765594482
0.44467926,0.7926041666666667,0.4512329,0.7845833333333333,13.15615725517273
0.44467744,0.7926041666666667,0.45123127,0.7845833333333333,13.157968044281006
0.4446757,0.7926041666666667,0.4512299,0.7845833333333333,13.159794807434082
0.44467387,0.7926041666666667,0.45122832,0.7845833333333333,13.161612510681152
0.444672,0.7926041666666667,0.45122695,0.7845833333333333,13.163431882858276
0.44467017,0.7926041666666667,0.45122528,0.7845833333333333,13.165180683135986
0.44466838,0.7926041666666667,0.4512239,0.7845833333333333,13.1669282913208
0.44466653,0.7926041666666667,0.4512224,0.7845833333333333,13.168751239776611
0.44466466,0.7926041666666667,0.4512211,0.7845833333333333,13.170559644699097
0.44466284,0.7926041666666667,0.4512196,0.7845833333333333,13.17232346534729
0.44466105,0.7926041666666667,0.451218,0.7845833333333333,13.174073696136475
0.44465923,0.7926041666666667,0.4512167,0.7845833333333333,13.17589020729065
0.4446574,0.7926041666666667,0.4512152,0.7845833333333333,13.177646160125732
0.44465557,0.7926041666666667,0.45121378,0.7845833333333333,13.179399967193604
0.44465378,0.7925,0.45121232,0.7845833333333333,13.18116044998169
0.4446519,0.7925,0.45121068,0.7845833333333333,13.182918310165405
0.44465005,0.7925,0.45120925,0.7845833333333333,13.184749126434326
0.4446483,0.7925,0.45120773,0.7845833333333333,13.186564922332764
0.4446464,0.7925,0.45120636,0.7845833333333333,13.188379049301147
0.44464457,0.7925,0.45120478,0.7845833333333333,13.190131902694702
0.44464275,0.7925,0.45120317,0.7845833333333333,13.191890239715576
0.4446409,0.7925,0.4512018,0.7845833333333333,13.193705797195435
0.4446391,0.7925,0.45120016,0.7845833333333333,13.195524454116821
0.4446373,0.7925,0.4511988,0.7845833333333333,13.197340488433838
0.44463548,0.7925,0.4511972,0.7845833333333333,13.199099779129028
0.44463357,0.7925,0.45119584,0.7845833333333333,13.200865030288696
0.44463176,0.7925,0.45119417,0.7845833333333333,13.20267629623413
0.44462994,0.7925,0.4511926,0.7845833333333333,13.20452332496643
0.44462803,0.7925,0.45119125,0.7845833333333333,13.206280708312988
0.44462627,0.7925,0.45118958,0.7845833333333333,13.208096742630005
0.4446244,0.7925,0.45118794,0.7845833333333333,13.209900140762329
0.4446225,0.7925,0.45118663,0.7845833333333333,13.211652994155884
0.44462073,0.7925,0.45118505,0.7845833333333333,13.21341323852539
0.44461882,0.7925,0.4511834,0.7845833333333333,13.215164422988892
0.444617,0.7923958333333333,0.45118195,0.7845833333333333,13.216920852661133
0.4446152,0.7923958333333333,0.45118028,0.7845833333333333,13.218678712844849
0.44461328,0.7923958333333333,0.45117858,0.7845833333333333,13.220506429672241
0.44461146,0.7923958333333333,0.45117685,0.7845833333333333,13.222275495529175
0.44460964,0.7923958333333333,0.4511754,0.7845833333333333,13.224090337753296
0.4446078,0.7923958333333333,0.4511737,0.7845833333333333,13.225853443145752
0.44460598,0.7923958333333333,0.45117196,0.7845833333333333,13.227613925933838
0.44460413,0.7923958333333333,0.45117056,0.7845833333333333,13.229366779327393
0.4446023,0.7923958333333333,0.45116892,0.7845833333333333,13.231173515319824
0.44460043,0.7923958333333333,0.45116726,0.7845833333333333,13.232932090759277
0.4445986,0.7923958333333333,0.45116562,0.7845833333333333,13.234681606292725
0.44459677,0.7923958333333333,0.45116434,0.7845833333333333,13.23650050163269
0.4445949,0.7923958333333333,0.4511628,0.7845833333333333,13.238265037536621
0.4445931,0.7923958333333333,0.45116124,0.7845833333333333,13.24002981185913
0.44459122,0.7923958333333333,0.45115978,0.7845833333333333,13.241775274276733
0.44458938,0.7923958333333333,0.4511583,0.7845833333333333,13.243544340133667
0.44458756,0.7923958333333333,0.45115677,0.7845833333333333,13.245306015014648
0.4445857,0.7923958333333333,0.4511553,0.7845833333333333,13.247109413146973
0.4445839,0.7923958333333333,0.45115387,0.7845833333333333,13.248923778533936
0.44458202,0.7923958333333333,0.4511523,0.7845833333333333,13.250683546066284
0.44458014,0.7923958333333333,0.4511508,0.7845833333333333,13.252508640289307
0.4445783,0.7923958333333333,0.45114928,0.7845833333333333,13.254313230514526
0.44457647,0.7925,0.45114776,0.7845833333333333,13.2560715675354
0.4445746,0.7925,0.4511462,0.7845833333333333,13.257884979248047
0.44457275,0.7925,0.45114452,0.7845833333333333,13.259648561477661
0.44457087,0.7925,0.451143,0.7845833333333333,13.261456966400146
0.444569,0.7925,0.45114166,0.7845833333333333,13.263211488723755
0.44456717,0.7925,0.45114014,0.7845833333333333,13.26496696472168
0.44456533,0.7925,0.45113862,0.7845833333333333,13.266717195510864
0.44456345,0.7925,0.45113704,0.7845833333333333,13.268542051315308
0.4445616,0.7925,0.45113575,0.7845833333333333,13.270293951034546
0.44455972,0.7925,0.45113418,0.7845833333333333,13.272058010101318
0.4445579,0.7923958333333333,0.4511327,0.7845833333333333,13.273812294006348
0.44455606,0.7923958333333333,0.45113114,0.7845833333333333,13.275587558746338
0.44455418,0.7923958333333333,0.45112962,0.7845833333333333,13.277400970458984
0.44455236,0.7923958333333333,0.45112827,0.7845833333333333,13.279223918914795
0.44455048,0.7923958333333333,0.4511267,0.7845833333333333,13.281000852584839
0.44454864,0.7923958333333333,0.45112514,0.7845833333333333,13.282817602157593
0.44454676,0.7923958333333333,0.45112357,0.7845833333333333,13.284580945968628
0.44454494,0.7923958333333333,0.45112234,0.7845833333333333,13.286334753036499
0.4445431,0.7923958333333333,0.45112076,0.7845833333333333,13.288094758987427
0.44454128,0.7923958333333333,0.45111948,0.7845833333333333,13.289859771728516
0.44453934,0.7923958333333333,0.4511181,0.7845833333333333,13.291630506515503
0.44453752,0.7923958333333333,0.4511168,0.7845833333333333,13.293385744094849
0.4445356,0.7923958333333333,0.45111567,0.7845833333333333,13.295142650604248
0.4445338,0.7923958333333333,0.4511143,0.7845833333333333,13.296959638595581
0.44453195,0.7923958333333333,0.45111287,0.7845833333333333,13.298716306686401
0.44453007,0.7923958333333333,0.45111144,0.7845833333333333,13.30055046081543
0.44452825,0.7923958333333333,0.45111033,0.7845833333333333,13.302370309829712
0.44452637,0.7923958333333333,0.45110884,0.7845833333333333,13.30418586730957
0.4445245,0.7923958333333333,0.45110738,0.7845833333333333,13.305994510650635
0.4445226,0.7923958333333333,0.45110622,0.7845833333333333,13.307825565338135
0.4445207,0.7923958333333333,0.4511052,0.7845833333333333,13.30959415435791
0.4445189,0.7923958333333333,0.45110393,0.7845833333333333,13.311364650726318
0.44451702,0.7923958333333333,0.45110264,0.7845833333333333,13.313185691833496
0.44451508,0.7923958333333333,0.45110142,0.7845833333333333,13.314948558807373
0.44451323,0.7923958333333333,0.45110026,0.7845833333333333,13.316706418991089
0.44451132,0.7923958333333333,0.45109895,0.7845833333333333,13.318517208099365
0.44450954,0.7923958333333333,0.45109752,0.7845833333333333,13.320287942886353
0.44450766,0.7923958333333333,0.4510961,0.7845833333333333,13.322039365768433
0.44450578,0.7923958333333333,0.45109487,0.7845833333333333,13.32379150390625
0.44450387,0.7923958333333333,0.4510935,0.7845833333333333,13.32554316520691
0.444502,0.7923958333333333,0.45109197,0.7845833333333333,13.327287435531616
0.44450012,0.7923958333333333,0.4510908,0.7845833333333333,13.329092264175415
0.44449824,0.7923958333333333,0.45108917,0.7845833333333333,13.330840587615967
0.44449636,0.7923958333333333,0.45108774,0.7845833333333333,13.33263635635376
0.4444945,0.7923958333333333,0.45108622,0.7845833333333333,13.334474802017212
0.44449255,0.7923958333333333,0.45108494,0.7845833333333333,13.336230516433716
0.4444907,0.7923958333333333,0.45108348,0.7845833333333333,13.337983846664429
0.44448882,0.7923958333333333,0.45108196,0.7845833333333333,13.339813470840454
0.44448695,0.7923958333333333,0.45108074,0.7845833333333333,13.341620683670044
0.44448507,0.7923958333333333,0.45107916,0.7845833333333333,13.343369722366333
0.44448313,0.7923958333333333,0.45107764,0.7845833333333333,13.345123291015625
0.4444813,0.7923958333333333,0.45107636,0.7845833333333333,13.3468759059906
0.44447944,0.7923958333333333,0.45107484,0.7845833333333333,13.348627805709839
0.44447753,0.7923958333333333,0.45107326,0.7845833333333333,13.350434303283691
0.44447565,0.7923958333333333,0.45107174,0.7845833333333333,13.352196455001831
0.44447377,0.7923958333333333,0.4510704,0.7845833333333333,13.353951692581177
0.4444719,0.7923958333333333,0.4510688,0.7845833333333333,13.355772972106934
0.44446996,0.7923958333333333,0.4510672,0.7845833333333333,13.357597351074219
0.44446814,0.7923958333333333,0.45106587,0.7845833333333333,13.35935664176941
0.44446623,0.7923958333333333,0.45106462,0.7845833333333333,13.361168146133423
0.44446436,0.7923958333333333,0.45106325,0.7845833333333333,13.362974882125854
0.44446242,0.7923958333333333,0.4510621,0.7845833333333333,13.364795446395874
0.44446054,0.7923958333333333,0.45106065,0.7845833333333333,13.366537809371948
0.44445878,0.7923958333333333,0.4510593,0.7845833333333333,13.368414640426636
0.44445685,0.7923958333333333,0.45105803,0.7845833333333333,13.370166063308716
0.4444549,0.7923958333333333,0.45105672,0.7845833333333333,13.371927738189697
0.44445306,0.7923958333333333,0.4510553,0.7845833333333333,13.373744487762451
0.44445115,0.7923958333333333,0.45105407,0.7845833333333333,13.375519752502441
0.4444493,0.7923958333333333,0.45105255,0.7845833333333333,13.377288579940796
0.44444743,0.7923958333333333,0.45105103,0.7845833333333333,13.37910008430481
0.44444555,0.7923958333333333,0.45104975,0.7845833333333333,13.380912780761719
0.4444436,0.7923958333333333,0.45104828,0.7845833333333333,13.382729530334473
0.4444418,0.7923958333333333,0.45104685,0.7845833333333333,13.384503602981567
0.4444399,0.7923958333333333,0.45104557,0.7845833333333333,13.38625717163086
0.444438,0.7923958333333333,0.451044,0.7845833333333333,13.38805890083313
0.4444362,0.7923958333333333,0.45104247,0.7845833333333333,13.38982105255127
0.44443431,0.7923958333333333,0.45104116,0.7845833333333333,13.391577243804932
0.44443247,0.7923958333333333,0.45103958,0.7845833333333333,13.393325328826904
0.4444306,0.7923958333333333,0.45103806,0.7845833333333333,13.395072221755981
0.4444287,0.7923958333333333,0.451037,0.7845833333333333,13.396839380264282
0.4444269,0.7923958333333333,0.4510357,0.7845833333333333,13.398645401000977
0.44442496,0.7923958333333333,0.45103425,0.7845833333333333,13.40041446685791
0.4444231,0.7923958333333333,0.45103288,0.7845833333333333,13.402235507965088
0.44442123,0.7923958333333333,0.4510316,0.7845833333333333,13.404046297073364
0.44441944,0.7923958333333333,0.45103016,0.7845833333333333,13.405848264694214
0.4444175,0.7923958333333333,0.4510288,0.7845833333333333,13.407606601715088
0.44441563,0.7923958333333333,0.45102733,0.7845833333333333,13.409348726272583
0.44441375,0.7923958333333333,0.4510259,0.7845833333333333,13.411089181900024
0.44441193,0.7923958333333333,0.45102447,0.7845833333333333,13.412896633148193
0.4444101,0.7923958333333333,0.45102304,0.7845833333333333,13.414661884307861
0.4444082,0.7923958333333333,0.45102158,0.7845833333333333,13.416422367095947
0.44440633,0.7923958333333333,0.45102015,0.7845833333333333,13.418170690536499
0.44440445,0.7923958333333333,0.45101872,0.7845833333333333,13.419926404953003
0.44440258,0.7923958333333333,0.45101714,0.7845833333333333,13.421738624572754
0.44440073,0.7923958333333333,0.45101574,0.7845833333333333,13.42355227470398
0.4443989,0.7923958333333333,0.45101425,0.7845833333333333,13.425300359725952
0.44439703,0.7923958333333333,0.4510128,0.7845833333333333,13.427106618881226
0.44439515,0.7923958333333333,0.4510112,0.7845833333333333,13.428924322128296
0.4443933,0.7923958333333333,0.45100972,0.7845833333333333,13.43073058128357
0.44439143,0.7923958333333333,0.45100826,0.7845833333333333,13.432508707046509
0.44438955,0.7923958333333333,0.4510067,0.7845833333333333,13.434272289276123
0.4443877,0.7923958333333333,0.4510052,0.7845833333333333,13.436047554016113
0.44438583,0.7923958333333333,0.45100376,0.7845833333333333,13.437856674194336
0.44438395,0.7923958333333333,0.45100224,0.7845833333333333,13.439629316329956
0.44438213,0.7923958333333333,0.45100072,0.7845833333333333,13.44137978553772
0.44438025,0.7923958333333333,0.4509992,0.7845833333333333,13.443132877349854
0.4443784,0.7923958333333333,0.45099768,0.7845833333333333,13.444947242736816
0.44437653,0.7923958333333333,0.4509961,0.7845833333333333,13.446754932403564
0.44437468,0.7923958333333333,0.45099452,0.7845833333333333,13.44851040840149
0.4443728,0.7923958333333333,0.45099303,0.7845833333333333,13.450267314910889
0.44437099,0.7923958333333333,0.4509915,0.7845833333333333,13.4520263671875
0.4443691,0.7923958333333333,0.45099,0.7845833333333333,13.45376992225647
0.44436723,0.7923958333333333,0.45098847,0.7845833333333333,13.455577611923218
0.44436538,0.7923958333333333,0.45098683,0.7845833333333333,13.457331895828247
0.4443635,0.7923958333333333,0.45098537,0.7845833333333333,13.459076642990112
0.44436163,0.7923958333333333,0.45098388,0.7845833333333333,13.460907697677612
0.44435984,0.7923958333333333,0.45098236,0.7845833333333333,13.462703466415405
0.44435796,0.7923958333333333,0.45098084,0.7845833333333333,13.464477777481079
0.44435614,0.7923958333333333,0.45097935,0.7845833333333333,13.46623182296753
0.44435424,0.7923958333333333,0.45097783,0.7845833333333333,13.468039989471436
0.44435236,0.7923958333333333,0.4509763,0.7845833333333333,13.469834089279175
0.44435054,0.7923958333333333,0.45097482,0.7845833333333333,13.471605777740479
0.4443487,0.7923958333333333,0.45097336,0.7845833333333333,13.473355054855347
0.4443468,0.7923958333333333,0.45097187,0.7845833333333333,13.475104093551636
0.444345,0.7923958333333333,0.45097035,0.7845833333333333,13.476867914199829
0.44434315,0.7923958333333333,0.45096892,0.7845833333333333,13.478620290756226
0.44434133,0.7923958333333333,0.45096734,0.7845833333333333,13.480370044708252
0.44433945,0.7923958333333333,0.45096582,0.7845833333333333,13.482115983963013
0.4443376,0.7923958333333333,0.45096436,0.7845833333333333,13.483932495117188
0.44433573,0.7923958333333333,0.45096287,0.7845833333333333,13.48574686050415
0.4443339,0.7923958333333333,0.45096135,0.7845833333333333,13.487566232681274
0.44433203,0.7923958333333333,0.45096007,0.7845833333333333,13.489316463470459
0.44433013,0.7923958333333333,0.45095876,0.7845833333333333,13.491082668304443
0.44432825,0.7923958333333333,0.45095754,0.7845833333333333,13.492897033691406
0.44432643,0.7923958333333333,0.45095617,0.7845833333333333,13.494646072387695
0.44432455,0.7923958333333333,0.45095488,0.7845833333333333,13.496461391448975
0.4443227,0.7923958333333333,0.4509535,0.7845833333333333,13.49821162223816
0.44432083,0.7923958333333333,0.4509522,0.7845833333333333,13.499965906143188
0.44431895,0.7923958333333333,0.45095092,0.7845833333333333,13.50170636177063
0.44431707,0.7923958333333333,0.45094955,0.7845833333333333,13.503467082977295
0.4443152,0.7923958333333333,0.45094818,0.7845833333333333,13.505223512649536
0.44431335,0.7923958333333333,0.45094675,0.7845833333333333,13.506977558135986
0.44431153,0.7923958333333333,0.45094544,0.7845833333333333,13.508805513381958
0.44430965,0.7923958333333333,0.450944,0.7845833333333333,13.510557651519775
0.44430777,0.7923958333333333,0.45094264,0.7845833333333333,13.512318849563599
0.44430587,0.7923958333333333,0.45094126,0.7845833333333333,13.51407265663147
0.444304,0.7923958333333333,0.45093995,0.7845833333333333,13.515824317932129
0.44430217,0.7923958333333333,0.45093846,0.7845833333333333,13.51758337020874
0.44430032,0.7923958333333333,0.45093703,0.7845833333333333,13.519415378570557
0.44429845,0.7923958333333333,0.45093563,0.7845833333333333,13.521233558654785
0.44429663,0.7923958333333333,0.45093423,0.7845833333333333,13.523039102554321
0.44429478,0.7923958333333333,0.45093277,0.7845833333333333,13.52485179901123
0.4442929,0.7923958333333333,0.45093134,0.7845833333333333,13.526606559753418
0.44429103,0.7923958333333333,0.4509299,0.7845833333333333,13.528381586074829
0.4442892,0.7923958333333333,0.45092845,0.7845833333333333,13.530206680297852
0.4442873,0.7923958333333333,0.45092702,0.7845833333333333,13.531970262527466
0.44428548,0.7923958333333333,0.4509256,0.7845833333333333,13.533720970153809
0.4442836,0.7923958333333333,0.450924,0.7845833333333333,13.535506010055542
0.44428176,0.7923958333333333,0.45092255,0.7845833333333333,13.537294149398804
0.44427988,0.7923958333333333,0.45092112,0.7845833333333333,13.539051532745361
0.44427812,0.7923958333333333,0.45091966,0.7845833333333333,13.540811777114868
0.4442762,0.7923958333333333,0.45091817,0.7845833333333333,13.54255986213684
0.4442744,0.7923958333333333,0.45091674,0.7845833333333333,13.54438328742981
0.44427255,0.7923958333333333,0.45091528,0.7845833333333333,13.546204805374146
0.44427067,0.7923958333333333,0.4509138,0.7845833333333333,13.547964811325073
0.4442688,0.7923958333333333,0.45091233,0.7845833333333333,13.54976773262024
0.444267,0.7923958333333333,0.4509109,0.7845833333333333,13.551637649536133
0.44426513,0.7923958333333333,0.45090938,0.7845833333333333,13.553398847579956
0.4442633,0.7923958333333333,0.4509079,0.7845833333333333,13.555155277252197
0.44426143,0.7923958333333333,0.45090637,0.7845833333333333,13.557059288024902
0.44425958,0.7923958333333333,0.4509049,0.7845833333333333,13.558815717697144
0.4442577,0.7923958333333333,0.45090348,0.7845833333333333,13.560636043548584
0.44425592,0.7923958333333333,0.45090196,0.7845833333333333,13.562500715255737
0.44425404,0.7923958333333333,0.45090073,0.7845833333333333,13.56426739692688
0.44425222,0.7923958333333333,0.45089936,0.7845833333333333,13.566023588180542
0.44425035,0.7923958333333333,0.45089802,0.7845833333333333,13.567775011062622
0.44424856,0.7923958333333333,0.450897,0.7845833333333333,13.569521427154541
0.44424668,0.7923958333333333,0.4508959,0.7845833333333333,13.571269273757935
0.44424474,0.7923958333333333,0.45089477,0.7845833333333333,13.573031902313232
0.44424292,0.7923958333333333,0.45089385,0.7845833333333333,13.57483983039856
0.44424102,0.7923958333333333,0.45089284,0.7845833333333333,13.57659912109375
0.44423926,0.7923958333333333,0.45089173,0.7845833333333333,13.578354358673096
0.44423732,0.7923958333333333,0.4508906,0.7845833333333333,13.580112934112549
0.44423547,0.7923958333333333,0.4508895,0.7845833333333333,13.58185625076294
0.4442336,0.7923958333333333,0.45088828,0.7845833333333333,13.58361554145813
0.44423178,0.7923958333333333,0.45088705,0.7845833333333333,13.585376977920532
0.44422993,0.7923958333333333,0.45088583,0.7845833333333333,13.587124824523926
0.444228,0.7923958333333333,0.45088455,0.7845833333333333,13.58889389038086
0.44422624,0.7923958333333333,0.45088324,0.7845833333333333,13.590708494186401
0.4442243,0.7923958333333333,0.4508819,0.7845833333333333,13.592485904693604
0.44422245,0.7923958333333333,0.45088065,0.7845833333333333,13.594304084777832
0.44422057,0.7923958333333333,0.4508793,0.7845833333333333,13.596069812774658
0.44421875,0.7923958333333333,0.450878,0.7845833333333333,13.597864627838135
0.4442169,0.7923958333333333,0.4508767,0.7845833333333333,13.599694967269897
0.44421503,0.7923958333333333,0.45087528,0.7845833333333333,13.601500988006592
0.44421315,0.7923958333333333,0.45087397,0.7845833333333333,13.603266716003418
0.44421133,0.7923958333333333,0.4508726,0.7845833333333333,13.605024814605713
0.4442095,0.7923958333333333,0.45087117,0.7845833333333333,13.606777667999268
0.44420767,0.7923958333333333,0.4508698,0.7845833333333333,13.6085946559906
0.4442058,0.7923958333333333,0.45086834,0.7845833333333333,13.610345363616943
0.44420394,0.7923958333333333,0.45086727,0.7845833333333333,13.612088680267334
0.44420207,0.7923958333333333,0.4508661,0.7845833333333333,13.61389946937561
0.4442002,0.7923958333333333,0.45086497,0.7845833333333333,13.615712404251099
0.4441983,0.7923958333333333,0.4508637,0.7845833333333333,13.617524147033691
0.44419643,0.7923958333333333,0.45086247,0.7845833333333333,13.619306325912476
0.44419453,0.7923958333333333,0.45086125,0.7845833333333333,13.621073722839355
0.4441927,0.7923958333333333,0.4508603,0.7845833333333333,13.622836828231812
0.44419083,0.7923958333333333,0.45085928,0.7845833333333333,13.624607801437378
0.44418895,0.7923958333333333,0.4508582,0.7845833333333333,13.626357793807983
0.44418707,0.7923958333333333,0.45085713,0.7845833333333333,13.628186225891113
0.44418517,0.7923958333333333,0.45085597,0.7845833333333333,13.629932403564453
0.4441833,0.7922916666666666,0.4508549,0.7845833333333333,13.631691217422485
0.44418135,0.7922916666666666,0.45085368,0.7845833333333333,13.63344955444336
0.44417953,0.7922916666666666,0.45085257,0.7845833333333333,13.635204553604126
0.44417766,0.7922916666666666,0.45085135,0.7845833333333333,13.63695502281189
0.4441758,0.7922916666666666,0.45085022,0.7845833333333333,13.638696193695068
0.4441739,0.7922916666666666,0.450849,0.7845833333333333,13.640450716018677
0.444172,0.7922916666666666,0.4508477,0.7845833333333333,13.642269849777222
0.44417018,0.7922916666666666,0.4508464,0.7845833333333333,13.644082069396973
0.4441683,0.7922916666666666,0.45084512,0.7845833333333333,13.645883321762085
0.44416642,0.7922916666666666,0.45084387,0.7845833333333333,13.647648572921753
0.44416454,0.7922916666666666,0.4508426,0.7845833333333333,13.649458885192871
0.4441627,0.7923958333333333,0.4508413,0.7845833333333333,13.651257514953613
0.44416076,0.7923958333333333,0.45084,0.7845833333333333,13.653021097183228
0.44415888,0.7923958333333333,0.45083863,0.7845833333333333,13.654774904251099
0.444157,0.7923958333333333,0.4508373,0.7845833333333333,13.656529188156128
0.44415513,0.7923958333333333,0.4508359,0.7845833333333333,13.658336400985718
0.44415328,0.7923958333333333,0.4508346,0.7845833333333333,13.660101413726807
0.4441514,0.7923958333333333,0.4508333,0.7845833333333333,13.661852836608887
0.44414952,0.7923958333333333,0.45083186,0.7845833333333333,13.663663387298584
0.44414765,0.7923958333333333,0.4508305,0.7845833333333333,13.665414571762085
0.4441457,0.7923958333333333,0.45082906,0.7845833333333333,13.667213201522827
0.4441439,0.7923958333333333,0.4508277,0.7845833333333333,13.66896915435791
0.44414198,0.7923958333333333,0.45082632,0.7845833333333333,13.670732975006104
0.4441401,0.7923958333333333,0.45082495,0.7845833333333333,13.672489166259766
0.44413823,0.7923958333333333,0.4508236,0.7845833333333333,13.674249649047852
0.44413635,0.7923958333333333,0.45082223,0.7845833333333333,13.67605710029602
0.44413453,0.7923958333333333,0.45082086,0.7845833333333333,13.677812099456787
0.4441326,0.7922916666666666,0.4508195,0.7845833333333333,13.679628610610962
0.44413072,0.7922916666666666,0.45081818,0.7845833333333333,13.681434631347656
0.44412887,0.7922916666666666,0.4508168,0.7845833333333333,13.683183193206787
0.44412693,0.7922916666666666,0.45081547,0.7845833333333333,13.68494963645935
0.44412506,0.7922916666666666,0.4508141,0.7845833333333333,13.686766624450684
0.44412324,0.7923958333333333,0.4508127,0.7845833333333333,13.688594579696655
0.44412136,0.7923958333333333,0.45081136,0.7845833333333333,13.690394163131714
0.44411945,0.7923958333333333,0.45080993,0.7845833333333333,13.69220757484436
0.44411758,0.7923958333333333,0.45080855,0.7845833333333333,13.693950653076172
0.44411576,0.7923958333333333,0.45080718,0.7845833333333333,13.695709466934204
0.44411382,0.7923958333333333,0.45080575,0.7845833333333333,13.69745683670044
0.44411203,0.7923958333333333,0.45080444,0.7845833333333333,13.699275016784668
0.4441101,0.7923958333333333,0.450803,0.7845833333333333,13.701086044311523
0.44410828,0.7923958333333333,0.45080164,0.7845833333333333,13.702831745147705
0.44410634,0.7923958333333333,0.45080006,0.7845833333333333,13.704631090164185
0.44410452,0.7923958333333333,0.45079848,0.7845833333333333,13.706379413604736
0.4441026,0.7922916666666666,0.45079696,0.7845833333333333,13.708135843276978
0.44410074,0.7922916666666666,0.45079544,0.7845833333333333,13.709887742996216
0.44409883,0.7922916666666666,0.45079392,0.7845833333333333,13.711655616760254
0.44409692,0.7922916666666666,0.4507924,0.7845833333333333,13.713409185409546
0.44409505,0.7922916666666666,0.45079085,0.7845833333333333,13.71515703201294
0.4440931,0.7922916666666666,0.45078945,0.7845833333333333,13.716978549957275
0.44409123,0.7922916666666666,0.4507879,0.7845833333333333,13.718737125396729
0.44408935,0.7922916666666666,0.45078674,0.7845833333333333,13.720499992370605
0.44408748,0.7922916666666666,0.45078558,0.7845833333333333,13.722258567810059
0.44408554,0.7922916666666666,0.45078424,0.7845833333333333,13.724018573760986
0.44408366,0.7922916666666666,0.45078298,0.7845833333333333,13.725764274597168
0.44408172,0.7922916666666666,0.45078176,0.7845833333333333,13.727591037750244
0.44407985,0.7922916666666666,0.45078063,0.7845833333333333,13.729337215423584
0.44407785,0.7922916666666666,0.45077956,0.7845833333333333,13.731098175048828
0.44407597,0.7922916666666666,0.45077854,0.7845833333333333,13.732922554016113
0.44407403,0.7922916666666666,0.4507775,0.7845833333333333,13.734746217727661
0.44407207,0.7922916666666666,0.45077646,0.7845833333333333,13.736549139022827
0.44407013,0.7922916666666666,0.45077536,0.7845833333333333,13.73833179473877
0.4440682,0.7922916666666666,0.45077428,0.7845833333333333,13.740115642547607
0.44406623,0.7922916666666666,0.45077312,0.7845833333333333,13.741949796676636
0.44406432,0.7922916666666666,0.4507719,0.7845833333333333,13.743793487548828
0.44406235,0.7922916666666666,0.45077068,0.7845833333333333,13.745632648468018
0.44406042,0.7922916666666666,0.45076945,0.7845833333333333,13.747466564178467
0.44405848,0.7922916666666666,0.45076817,0.7845833333333333,13.749292135238647
0.44405654,0.7922916666666666,0.45076695,0.7845833333333333,13.751060009002686
0.4440546,0.7922916666666666,0.45076594,0.7845833333333333,13.752823829650879
0.44405264,0.7922916666666666,0.45076486,0.7845833333333333,13.754581928253174
0.44405076,0.7922916666666666,0.4507637,0.7845833333333333,13.756352424621582
0.44404876,0.7922916666666666,0.45076257,0.7845833333333333,13.758102893829346
0.4440468,0.7922916666666666,0.4507614,0.7845833333333333,13.759873867034912
0.44404486,0.7922916666666666,0.45076016,0.7845833333333333,13.761626243591309
0.44404286,0.7922916666666666,0.45075896,0.7845833333333333,13.763449907302856
0.44404092,0.7922916666666666,0.45075765,0.7845833333333333,13.765214920043945
0.444039,0.7922916666666666,0.45075628,0.7845833333333333,13.766961812973022
0.44403702,0.7922916666666666,0.4507549,0.7845833333333333,13.768733024597168
0.44403502,0.7922916666666666,0.45075354,0.7845833333333333,13.770490646362305
0.44403315,0.7922916666666666,0.45075226,0.7845833333333333,13.772247552871704
0.44403112,0.7922916666666666,0.4507509,0.7845833333333333,13.774007320404053
0.44402924,0.7922916666666666,0.45074925,0.7845833333333333,13.775763273239136
0.44402725,0.7922916666666666,0.45074767,0.7845833333333333,13.777524709701538
0.4440253,0.7922916666666666,0.45074615,0.7845833333333333,13.77927565574646
0.4440234,0.7922916666666666,0.45074457,0.7845833333333333,13.781033992767334
0.4440214,0.7922916666666666,0.45074305,0.7845833333333333,13.782779932022095
0.44401953,0.7922916666666666,0.45074147,0.7845833333333333,13.784544229507446
0.4440176,0.7922916666666666,0.4507399,0.7845833333333333,13.78629469871521
0.4440156,0.7922916666666666,0.45073837,0.7845833333333333,13.78805136680603
0.44401368,0.7922916666666666,0.45073685,0.7845833333333333,13.78987193107605
0.44401175,0.7922916666666666,0.45073527,0.7845833333333333,13.791702032089233
0.44400975,0.7922916666666666,0.45073378,0.7845833333333333,13.79345989227295
0.4440078,0.7922916666666666,0.45073226,0.7845833333333333,13.795221328735352
0.44400588,0.7922916666666666,0.45073074,0.7845833333333333,13.7969810962677
0.44400397,0.7922916666666666,0.45072922,0.7845833333333333,13.79874587059021
0.44400206,0.7922916666666666,0.4507278,0.7845833333333333,13.800559043884277
0.4440001,0.7922916666666666,0.45072627,0.7845833333333333,13.802310466766357
0.44399822,0.7922916666666666,0.45072478,0.7845833333333333,13.804075002670288
0.44399628,0.7922916666666666,0.45072326,0.7845833333333333,13.805835962295532
0.44399434,0.7922916666666666,0.4507218,0.7845833333333333,13.807597637176514
0.44399235,0.7922916666666666,0.45072037,0.7845833333333333,13.8093421459198
0.44399044,0.7922916666666666,0.45071888,0.7845833333333333,13.811091661453247
0.4439885,0.7922916666666666,0.45071742,0.7845833333333333,13.8129301071167
0.44398656,0.7922916666666666,0.4507159,0.7845833333333333,13.8147451877594
0.44398463,0.7922916666666666,0.4507144,0.7845833333333333,13.816561460494995
0.44398275,0.7922916666666666,0.45071295,0.7845833333333333,13.818309783935547
0.44398072,0.7922916666666666,0.45071152,0.7845833333333333,13.820135831832886
0.4439788,0.7922916666666666,0.45071003,0.7845833333333333,13.821951866149902
0.44397685,0.7922916666666666,0.45070872,0.7845833333333333,13.823771715164185
0.4439749,0.7922916666666666,0.4507073,0.7845833333333333,13.825583696365356
0.44397298,0.7922916666666666,0.45070598,0.7845833333333333,13.827340841293335
0.44397104,0.7922916666666666,0.4507045,0.7845833333333333,13.82914400100708
0.44396907,0.7922916666666666,0.45070317,0.7845833333333333,13.830955982208252
0.4439672,0.7922916666666666,0.45070174,0.7845833333333333,13.832776069641113
0.44396526,0.7922916666666666,0.45070037,0.7845833333333333,13.83457612991333
0.44396332,0.7922916666666666,0.45069894,0.7845833333333333,13.836334943771362
0.44396138,0.7922916666666666,0.45069754,0.7845833333333333,13.838091611862183
0.44395941,0.7922916666666666,0.45069617,0.7845833333333333,13.839847326278687
0.44395748,0.7922916666666666,0.4506946,0.7845833333333333,13.841590166091919
0.44395548,0.7922916666666666,0.4506931,0.7845833333333333,13.84334111213684
0.44395366,0.7922916666666666,0.45069158,0.7845833333333333,13.845102310180664
0.44395167,0.7922916666666666,0.4506901,0.7845833333333333,13.846850156784058
0.44394973,0.7922916666666666,0.45068857,0.7845833333333333,13.848605155944824
0.4439478,0.7922916666666666,0.4506871,0.7845833333333333,13.850423574447632
0.4439459,0.7922916666666666,0.45068562,0.7845833333333333,13.8522367477417
0.44394395,0.7922916666666666,0.45068446,0.7845833333333333,13.85398817062378
0.44394195,0.7922916666666666,0.4506834,0.7845833333333333,13.855745792388916
0.44393998,0.7922916666666666,0.45068222,0.7845833333333333,13.857563495635986
0.44393808,0.7922916666666666,0.450681,0.7845833333333333,13.859378576278687
0.44393605,0.7922916666666666,0.45067978,0.7845833333333333,13.861144065856934
0.4439341,0.7922916666666666,0.45067862,0.7845833333333333,13.862952709197998
0.44393218,0.7922916666666666,0.45067734,0.7845833333333333,13.864762544631958
0.4439302,0.7922916666666666,0.4506759,0.7845833333333333,13.866525650024414
0.44392827,0.7922916666666666,0.4506746,0.7845833333333333,13.868338346481323
0.4439263,0.7922916666666666,0.45067352,0.7845833333333333,13.870094776153564
0.44392437,0.7922916666666666,0.45067245,0.7845833333333333,13.871861457824707
0.44392237,0.7922916666666666,0.4506713,0.7845833333333333,13.873615741729736
0.4439204,0.7922916666666666,0.45067,0.7845833333333333,13.875365018844604
0.4439184,0.7922916666666666,0.4506689,0.7845833333333333,13.877137660980225
0.44391647,0.7922916666666666,0.45066768,0.7845833333333333,13.878887176513672
0.4439145,0.7922916666666666,0.4506663,0.7845833333333333,13.880712032318115
0.4439125,0.7922916666666666,0.45066524,0.7845833333333333,13.882466316223145
0.44391057,0.7922916666666666,0.4506641,0.7845833333333333,13.884280443191528
0.4439086,0.7922916666666666,0.45066294,0.7845833333333333,13.886086702346802
0.44390655,0.7922916666666666,0.45066178,0.7845833333333333,13.88784670829773
0.44390467,0.7922916666666666,0.45066056,0.7845833333333333,13.889652490615845
0.44390258,0.7922916666666666,0.4506594,0.7845833333333333,13.89147162437439
0.44390064,0.7922916666666666,0.45065805,0.7845833333333333,13.893291473388672
0.44389862,0.7922916666666666,0.45065668,0.7845833333333333,13.895054817199707
0.4438966,0.7922916666666666,0.45065543,0.7845833333333333,13.89686918258667
0.4438946,0.7922916666666666,0.450654,0.7845833333333333,13.898685216903687
0.44389263,0.7922916666666666,0.45065263,0.7845833333333333,13.900499105453491
0.44389054,0.7922916666666666,0.4506513,0.7845833333333333,13.90224838256836
0.4438886,0.7922916666666666,0.45064983,0.7845833333333333,13.904057502746582
0.44388658,0.7922916666666666,0.45064846,0.7845833333333333,13.905805587768555
0.44388452,0.7922916666666666,0.45064712,0.7845833333333333,13.907614946365356
0.4438825,0.7922916666666666,0.45064574,0.7845833333333333,13.909362077713013
0.44388047,0.7922916666666666,0.45064464,0.7845833333333333,13.911170959472656
0.44387844,0.7922916666666666,0.4506433,0.7845833333333333,13.91292119026184
0.44387645,0.7922916666666666,0.45064205,0.7845833333333333,13.914667129516602
0.44387442,0.7922916666666666,0.4506407,0.7845833333333333,13.91643214225769
0.44387233,0.7922916666666666,0.4506394,0.7845833333333333,13.918235301971436
0.44387034,0.7922916666666666,0.4506381,0.7845833333333333,13.919998168945312
0.44386825,0.7922916666666666,0.45063668,0.7845833333333333,13.921756982803345
0.44386628,0.7922916666666666,0.45063537,0.7845833333333333,13.923585176467896
0.4438642,0.7922916666666666,0.45063394,0.7845833333333333,13.925397157669067
0.4438622,0.7922916666666666,0.45063254,0.7845833333333333,13.927156686782837
0.44386017,0.7922916666666666,0.4506311,0.7845833333333333,13.928908824920654
0.44385818,0.7922916666666666,0.45062974,0.7845833333333333,13.93071436882019
0.44385615,0.7922916666666666,0.45062837,0.7845833333333333,13.932485342025757
0.44385412,0.7922916666666666,0.45062694,0.7845833333333333,13.93424129486084
0.44385207,0.7922916666666666,0.45062557,0.7845833333333333,13.935999155044556
0.4438501,0.7922916666666666,0.45062408,0.7845833333333333,13.937747478485107
0.44384807,0.7922916666666666,0.45062265,0.7845833333333333,13.939570188522339
0.44384608,0.7922916666666666,0.45062128,0.7845833333333333,13.941373348236084
0.4438441,0.7922916666666666,0.45061988,0.7845833333333333,13.943124771118164
0.44384205,0.7923958333333333,0.45061848,0.7845833333333333,13.944920539855957
0.44384003,0.7923958333333333,0.45061707,0.7845833333333333,13.946686029434204
0.443838,0.7923958333333333,0.4506158,0.7845833333333333,13.948458194732666
0.443836,0.7923958333333333,0.45061433,0.7845833333333333,13.950212955474854
0.44383398,0.7923958333333333,0.4506129,0.7845833333333333,13.951971769332886
0.44383204,0.7925,0.45061138,0.7845833333333333,13.953723907470703
0.44383004,0.7925,0.4506099,0.7845833333333333,13.955492734909058
0.44382808,0.7925,0.45060843,0.7845833333333333,13.95730972290039
0.44382605,0.7925,0.4506071,0.7845833333333333,13.959122896194458
0.44382405,0.7925,0.4506055,0.7845833333333333,13.96088457107544
0.4438221,0.7925,0.45060378,0.7845833333333333,13.96270227432251
0.4438201,0.7925,0.45060205,0.7845833333333333,13.96451997756958
0.44381815,0.7925,0.45060048,0.7845833333333333,13.966282367706299
0.44381618,0.7925,0.4505988,0.7845833333333333,13.968095779418945
0.4438142,0.7925,0.45059717,0.7845833333333333,13.969906568527222
0.4438122,0.7925,0.45059556,0.7845833333333333,13.971675395965576
0.44381022,0.7923958333333333,0.45059413,0.7845833333333333,13.97350025177002
0.44380823,0.7923958333333333,0.45059264,0.7845833333333333,13.97530746459961
0.4438063,0.7923958333333333,0.45059124,0.7845833333333333,13.977078676223755
0.44380432,0.7925,0.4505898,0.7845833333333333,13.978830814361572
0.4438023,0.7925,0.45058843,0.7845833333333333,13.98065733909607
0.44380036,0.7925,0.45058694,0.7845833333333333,13.982476472854614
0.44379833,0.7925,0.45058557,0.7845833333333333,13.984298944473267
0.4437964,0.7925,0.45058414,0.7845833333333333,13.986120700836182
0.4437944,0.7925,0.45058283,0.7845833333333333,13.98793339729309
0.44379243,0.7925,0.45058137,0.7845833333333333,13.989736795425415
0.4437905,0.7925,0.45058,0.7845833333333333,13.991506814956665
0.4437885,0.7925,0.45057857,0.7845833333333333,13.993248701095581
0.44378647,0.7925,0.45057723,0.7845833333333333,13.99508810043335
0.44378448,0.7925,0.45057586,0.7845833333333333,13.996903896331787
0.4437825,0.7926041666666667,0.45057443,0.7845833333333333,13.998716592788696
0.44378057,0.7926041666666667,0.45057312,0.7845833333333333,14.000479459762573
0.44377857,0.7926041666666667,0.45057175,0.7845833333333333,14.0023033618927
0.44377655,0.7926041666666667,0.45057043,0.7845833333333333,14.004056930541992
0.44377467,0.7926041666666667,0.45056906,0.7845833333333333,14.005810022354126
0.44377267,0.7926041666666667,0.45056763,0.7845833333333333,14.00763487815857
0.44377077,0.7926041666666667,0.4505663,0.7845833333333333,14.009456396102905
0.4437687,0.7926041666666667,0.45056492,0.7845833333333333,14.011209726333618
0.44376677,0.7926041666666667,0.45056355,0.7845833333333333,14.01297378540039
0.4437648,0.7926041666666667,0.45056218,0.7845833333333333,14.014781713485718
0.4437628,0.7926041666666667,0.4505608,0.7845833333333333,14.016546726226807
0.44376084,0.7926041666666667,0.45055944,0.7845833333333333,14.01835012435913
0.44375885,0.7926041666666667,0.45055842,0.7845833333333333,14.020115375518799
0.44375688,0.7926041666666667,0.45055726,0.7845833333333333,14.021867275238037
0.44375488,0.7926041666666667,0.45055613,0.7845833333333333,14.023626804351807
0.44375288,0.7926041666666667,0.45055497,0.7845833333333333,14.02537488937378
0.44375086,0.7926041666666667,0.45055375,0.7845833333333333,14.027118921279907
0.44374892,0.7926041666666667,0.45055258,0.7845833333333333,14.028940677642822
0.4437469,0.7926041666666667,0.4505514,0.7845833333333333,14.030746221542358
0.44374496,0.7926041666666667,0.45055014,0.7845833333333333,14.032568454742432
0.443743,0.7926041666666667,0.45054892,0.7845833333333333,14.034325361251831
0.443741,0.7926041666666667,0.4505477,0.7845833333333333,14.036142349243164
0.44373903,0.7927083333333333,0.45054647,0.7845833333333333,14.037900924682617
0.44373703,0.7927083333333333,0.45054513,0.7845833333333333,14.039665699005127
0.44373503,0.7927083333333333,0.4505439,0.7845833333333333,14.041477680206299
0.44373307,0.7927083333333333,0.45054266,0.7845833333333333,14.043277978897095
0.44373113,0.7927083333333333,0.45054132,0.7845833333333333,14.045045614242554
0.4437291,0.7927083333333333,0.45054036,0.7845833333333333,14.046796798706055
0.4437271,0.7927083333333333,0.45053923,0.7845833333333333,14.048622369766235
0.44372514,0.7927083333333333,0.45053822,0.7845833333333333,14.050370693206787
0.44372308,0.7926041666666667,0.45053717,0.7845833333333333,14.052126169204712
0.44372106,0.7926041666666667,0.45053604,0.7845833333333333,14.053868055343628
0.4437191,0.7926041666666667,0.45053497,0.7845833333333333,14.05562949180603
0.44371703,0.7926041666666667,0.4505338,0.7845833333333333,14.057436466217041
0.44371507,0.7926041666666667,0.45053253,0.7845833333333333,14.059186697006226
0.443713,0.7926041666666667,0.45053145,0.7845833333333333,14.060951471328735
0.44371098,0.7926041666666667,0.45053035,0.7845833333333333,14.062705755233765
0.44370902,0.7926041666666667,0.45052922,0.7845833333333333,14.064528703689575
0.44370696,0.7926041666666667,0.45052806,0.7845833333333333,14.06633973121643
0.44370505,0.7926041666666667,0.45052692,0.7845833333333333,14.068094730377197
0.443703,0.7926041666666667,0.45052573,0.7845833333333333,14.069836378097534
0.44370097,0.7926041666666667,0.45052454,0.7845833333333333,14.071652173995972
0.44369894,0.7926041666666667,0.45052332,0.7845833333333333,14.073467254638672
0.443697,0.7926041666666667,0.45052207,0.7845833333333333,14.07526683807373
0.44369498,0.7926041666666667,0.45052078,0.7845833333333333,14.077031373977661
0.44369298,0.7926041666666667,0.4505195,0.7845833333333333,14.078842878341675
0.44369096,0.7926041666666667,0.45051828,0.7845833333333333,14.080609798431396
0.44368896,0.7926041666666667,0.4505169,0.7845833333333333,14.082357406616211
0.443687,0.7926041666666667,0.45051566,0.7845833333333333,14.084167003631592
0.443685,0.7926041666666667,0.45051432,0.7845833333333333,14.085975885391235
0.44368303,0.7926041666666667,0.45051306,0.7845833333333333,14.08774185180664
0.44368097,0.7926041666666667,0.4505122,0.7845833333333333,14.089491128921509
0.44367895,0.7926041666666667,0.45051134,0.7845833333333333,14.091240644454956
0.44367686,0.7926041666666667,0.45051035,0.7845833333333333,14.092995166778564
0.44367486,0.7926041666666667,0.4505094,0.7845833333333333,14.094748497009277
0.44367278,0.7925,0.4505084,0.7845833333333333,14.096566438674927
0.4436708,0.7925,0.4505073,0.7845833333333333,14.098320484161377
0.44366878,0.7925,0.4505063,0.7845833333333333,14.100075483322144
0.44366673,0.7925,0.45050517,0.7845833333333333,14.101826429367065
0.4436647,0.7925,0.45050403,0.7845833333333333,14.103641748428345
0.4436626,0.7925,0.450503,0.7845833333333333,14.105401277542114
0.44366065,0.7925,0.45050186,0.7845833333333333,14.107152223587036
0.44365856,0.7925,0.4505007,0.7845833333333333,14.109029293060303
0.44365656,0.7925,0.45049948,0.7845833333333333,14.110780000686646
0.44365454,0.7923958333333333,0.4504983,0.7845833333333333,14.112552165985107
0.4436525,0.7923958333333333,0.45049718,0.7845833333333333,14.114309787750244
0.44365045,0.7923958333333333,0.45049596,0.7845833333333333,14.116066455841064
0.44364843,0.7923958333333333,0.45049474,0.7845833333333333,14.117817401885986
0.44364634,0.7923958333333333,0.4504935,0.7845833333333333,14.119588375091553
0.44364434,0.7923958333333333,0.4504923,0.7845833333333333,14.121416568756104
0.44364232,0.7923958333333333,0.45049098,0.7845833333333333,14.123233556747437
0.44364023,0.7923958333333333,0.45048964,0.7845833333333333,14.125000476837158
0.4436382,0.7923958333333333,0.45048833,0.7845833333333333,14.126754999160767
0.4436362,0.7923958333333333,0.45048705,0.7845833333333333,14.12852144241333
0.44363412,0.7923958333333333,0.4504858,0.7845833333333333,14.130334377288818
0.44363216,0.7923958333333333,0.45048445,0.7845833333333333,14.132147073745728
0.44363007,0.7923958333333333,0.4504832,0.7845833333333333,14.13390851020813
0.44362813,0.7922916666666666,0.45048198,0.7845833333333333,14.135730981826782
0.44362605,0.7922916666666666,0.45048055,0.7845833333333333,14.137494564056396
0.44362402,0.7922916666666666,0.45047927,0.7845833333333333,14.13924527168274
0.443622,0.7922916666666666,0.45047787,0.7845833333333333,14.141010761260986
0.44361994,0.7922916666666666,0.45047647,0.7845833333333333,14.142767667770386
0.44361785,0.7922916666666666,0.4504751,0.7845833333333333,14.144530534744263
0.44361582,0.7922916666666666,0.4504737,0.7845833333333333,14.146289110183716
0.44361383,0.7922916666666666,0.45047235,0.7845833333333333,14.148056745529175
0.4436118,0.7922916666666666,0.45047098,0.7845833333333333,14.149839878082275
0.44360977,0.7922916666666666,0.4504696,0.7845833333333333,14.151682138442993
0.44360775,0.7922916666666666,0.4504681,0.7845833333333333,14.153449058532715
0.44360575,0.7922916666666666,0.45046657,0.7845833333333333,14.15527892112732
0.44360366,0.7922916666666666,0.45046502,0.7845833333333333,14.157093524932861
0.4436017,0.7922916666666666,0.4504635,0.7845833333333333,14.158851385116577
0.44359964,0.7922916666666666,0.45046207,0.7845833333333333,14.160673141479492
0.4435976,0.7922916666666666,0.4504606,0.7845833333333333,14.162495851516724
0.4435956,0.7922916666666666,0.45045918,0.7845833333333333,14.164405107498169
0.44359353,0.7922916666666666,0.45045775,0.7845833333333333,14.166167974472046
0.44359156,0.7922916666666666,0.45045638,0.7845833333333333,14.167928457260132
0.44358954,0.7922916666666666,0.45045498,0.7845833333333333,14.169677734375
0.44358754,0.7922916666666666,0.45045364,0.7845833333333333,14.171443462371826
0.44358546,0.7922916666666666,0.4504522,0.7845833333333333,14.173265933990479
0.4435835,0.7922916666666666,0.45045084,0.7845833333333333,14.175082921981812
0.4435814,0.7922916666666666,0.45044953,0.7845833333333333,14.176910400390625
0.44357947,0.7922916666666666,0.45044816,0.7845833333333333,14.178719997406006
0.4435774,0.7922916666666666,0.4504468,0.7845833333333333,14.180575609207153
0.4435755,0.7922916666666666,0.4504454,0.7845833333333333,14.182343006134033
0.44357342,0.7922916666666666,0.45044407,0.7845833333333333,14.184104442596436
0.44357142,0.7922916666666666,0.45044282,0.7845833333333333,14.185917615890503
0.44356933,0.7922916666666666,0.45044145,0.7845833333333333,14.187683582305908
0.44356737,0.7923958333333333,0.45044017,0.785,14.189432859420776
0.4435653,0.7923958333333333,0.45043886,0.785,14.191186904907227
0.44356334,0.7923958333333333,0.45043752,0.785,14.192941665649414
0.4435613,0.7923958333333333,0.45043623,0.785,14.19468903541565
0.44355932,0.7923958333333333,0.45043543,0.785,14.196535110473633
0.44355717,0.7923958333333333,0.45043463,0.785,14.198279857635498
0.44355515,0.7923958333333333,0.45043376,0.785,14.20008897781372
0.44355306,0.7923958333333333,0.45043284,0.785,14.201895713806152
0.44355103,0.7923958333333333,0.45043188,0.785,14.203714609146118
0.44354898,0.7923958333333333,0.45043087,0.785,14.205520391464233
0.4435469,0.7923958333333333,0.4504299,0.785,14.207335710525513
0.44354486,0.7923958333333333,0.45042893,0.785,14.209102869033813
0.44354278,0.7923958333333333,0.45042774,0.785,14.210855960845947
0.4435407,0.7923958333333333,0.4504267,0.785,14.212612390518188
0.4435386,0.7923958333333333,0.45042548,0.785,14.214371681213379
0.44353658,0.7923958333333333,0.45042446,0.785,14.216121196746826
0.4435345,0.7923958333333333,0.45042333,0.785,14.217922925949097
0.44353247,0.7923958333333333,0.45042232,0.785,14.219700336456299
0.44353044,0.7923958333333333,0.45042124,0.785,14.221506834030151
0.44352835,0.7923958333333333,0.4504201,0.785,14.22325873374939
0.4435263,0.7923958333333333,0.450419,0.785,14.225068092346191
0.4435242,0.7923958333333333,0.45041794,0.785,14.226879835128784
0.44352219,0.7923958333333333,0.45041683,0.785,14.22865915298462
0.4435201,0.7923958333333333,0.4504157,0.785,14.23047423362732
0.44351807,0.7923958333333333,0.45041454,0.785,14.232270240783691
0.443516,0.7923958333333333,0.45041347,0.785,14.234028100967407
0.44351396,0.7923958333333333,0.45041224,0.785,14.23578953742981
0.4435119,0.7923958333333333,0.45041108,0.785,14.237544775009155
0.44350982,0.7923958333333333,0.45040995,0.785,14.239291667938232
0.4435078,0.7923958333333333,0.45040873,0.785,14.241055250167847
0.4435057,0.7923958333333333,0.45040756,0.785,14.242800235748291
0.44350374,0.7923958333333333,0.45040634,0.785,14.244565725326538
0.44350165,0.7923958333333333,0.45040518,0.785,14.246307611465454
0.44349957,0.7925,0.4504039,0.785,14.248071908950806
0.4434975,0.7925,0.45040262,0.785,14.249820709228516
0.44349554,0.7925,0.45040137,0.785,14.251577615737915
0.4434935,0.7925,0.45040014,0.785,14.25339937210083
0.44349143,0.7925,0.45039892,0.785,14.255208969116211
0.44348937,0.7925,0.45039764,0.785,14.256964683532715
0.44348735,0.7925,0.45039642,0.785,14.258792400360107
0.44348535,0.7925,0.45039546,0.785,14.260560512542725
0.44348323,0.7925,0.45039445,0.785,14.262372732162476
0.44348115,0.7925,0.4503934,0.785,14.264131784439087
0.4434791,0.7925,0.45039237,0.785,14.26594090461731
0.44347706,0.7925,0.4503913,0.785,14.267756938934326
0.44347495,0.7925,0.45039016,0.785,14.269577741622925
0.4434729,0.7925,0.4503891,0.785,14.271337032318115
0.4434708,0.7925,0.45038798,0.785,14.273096561431885
0.44346872,0.7925,0.45038682,0.785,14.274845600128174
0.44346663,0.7925,0.45038575,0.785,14.276662111282349
0.44346455,0.7925,0.4503846,0.785,14.278413772583008
0.44346252,0.7925,0.4503834,0.785,14.280171394348145
0.4434605,0.7925,0.4503823,0.785,14.281982183456421
0.4434584,0.7925,0.45038116,0.785,14.283801317214966
0.44345638,0.7923958333333333,0.45038,0.785,14.285558223724365
0.4434543,0.7923958333333333,0.45037878,0.785,14.287376642227173
0.44345224,0.7923958333333333,0.45037764,0.785,14.289188861846924
0.44345015,0.7923958333333333,0.45037654,0.785,14.290993213653564
0.44344813,0.7923958333333333,0.45037526,0.785,14.292755126953125
0.44344604,0.7923958333333333,0.45037416,0.785,14.294512271881104
0.44344395,0.7923958333333333,0.45037293,0.785,14.296280860900879
0.44344187,0.7923958333333333,0.45037174,0.785,14.298085689544678
0.44343984,0.7923958333333333,0.45037052,0.785,14.299906253814697
0.44343784,0.7923958333333333,0.45036936,0.785,14.301718711853027
0.44343567,0.7923958333333333,0.4503682,0.785,14.303475141525269
0.44343367,0.7923958333333333,0.45036697,0.785,14.305235862731934
0.44343165,0.7923958333333333,0.4503658,0.785,14.306990146636963
0.44342956,0.7923958333333333,0.45036453,0.785,14.308751106262207
0.44342747,0.7923958333333333,0.45036325,0.785,14.310505867004395
0.44342545,0.7923958333333333,0.45036203,0.785,14.312269449234009
0.44342336,0.7923958333333333,0.45036086,0.785,14.31402039527893
0.44342133,0.7923958333333333,0.45035964,0.785,14.315843343734741
0.44341925,0.7923958333333333,0.45035842,0.785,14.31758713722229
0.4434172,0.7923958333333333,0.4503572,0.785,14.319466590881348
0.44341516,0.7923958333333333,0.45035604,0.785,14.321271896362305
0.44341314,0.7923958333333333,0.45035475,0.785,14.323092222213745
0.44341105,0.7923958333333333,0.45035353,0.785,14.324953556060791
0.4434089,0.7923958333333333,0.45035237,0.785,14.326762437820435
0.44340688,0.7923958333333333,0.45035112,0.785,14.328576803207397
0.4434048,0.7923958333333333,0.4503499,0.785,14.330378532409668
0.4434028,0.7923958333333333,0.45034862,0.785,14.332190036773682
0.44340074,0.7923958333333333,0.45034745,0.785,14.333947658538818
0.4433986,0.7923958333333333,0.45034617,0.785,14.335766792297363
0.4433966,0.7923958333333333,0.4503449,0.785,14.337581157684326
0.4433945,0.7923958333333333,0.45034367,0.785,14.339383363723755
0.4433925,0.7923958333333333,0.45034242,0.785,14.34119987487793
0.44339046,0.7923958333333333,0.45034122,0.785,14.343003034591675
0.44338837,0.7923958333333333,0.45033997,0.785,14.344759941101074
0.4433863,0.7923958333333333,0.4503388,0.785,14.346510171890259
0.44338426,0.7923958333333333,0.45033753,0.785,14.348272323608398
0.44338226,0.7923958333333333,0.4503363,0.785,14.350027322769165
0.44338024,0.7923958333333333,0.45033503,0.785,14.351855516433716
0.44337815,0.7923958333333333,0.4503338,0.785,14.353633165359497
0.4433761,0.7923958333333333,0.4503327,0.785,14.355406761169434
0.44337398,0.7923958333333333,0.45033157,0.785,14.357226848602295
0.44337195,0.7923958333333333,0.45033047,0.785,14.359032154083252
0.44336987,0.7923958333333333,0.4503294,0.785,14.360844612121582
0.44336778,0.7923958333333333,0.45032817,0.785,14.362662315368652
0.4433657,0.7923958333333333,0.45032704,0.785,14.364502668380737
0.4433636,0.7923958333333333,0.45032588,0.785,14.366259813308716
0.44336152,0.7923958333333333,0.450325,0.785,14.368027448654175
0.44335943,0.7923958333333333,0.45032406,0.785,14.369776010513306
0.44335735,0.7923958333333333,0.45032302,0.785,14.371589183807373
0.44335526,0.7925,0.45032212,0.785,14.373408317565918
0.44335318,0.7925,0.45032105,0.785,14.375210762023926
0.4433511,0.7925,0.45032004,0.785,14.376967430114746
0.443349,0.7925,0.45031902,0.785,14.37872314453125
0.44334686,0.7923958333333333,0.45031795,0.785,14.38049602508545
0.44334477,0.7925,0.45031694,0.785,14.382244348526001
0.44334275,0.7925,0.45031586,0.785,14.384002447128296
0.4433406,0.7926041666666667,0.45031473,0.785,14.38575530052185
0.4433385,0.7926041666666667,0.45031363,0.785,14.38757586479187
0.44333643,0.7926041666666667,0.4503125,0.785,14.389328956604004
0.4433343,0.7926041666666667,0.45031133,0.785,14.391138076782227
0.44333223,0.7926041666666667,0.45031026,0.785,14.392957925796509
0.44333017,0.7926041666666667,0.4503091,0.785,14.394716501235962
0.44332805,0.7926041666666667,0.45030794,0.785,14.396483182907104
0.44332597,0.7926041666666667,0.45030674,0.785,14.398236989974976
0.44332382,0.7926041666666667,0.45030552,0.785,14.40000057220459
0.44332173,0.7926041666666667,0.45030448,0.785,14.401756286621094
0.44331965,0.7926041666666667,0.45030326,0.785,14.403579950332642
0.44331756,0.7926041666666667,0.45030206,0.785,14.405400037765503
0.44331542,0.7926041666666667,0.4503009,0.785,14.407149314880371
0.4433134,0.7926041666666667,0.45029962,0.785,14.408908605575562
0.44331124,0.7926041666666667,0.4502983,0.785,14.410722255706787
0.44330913,0.7926041666666667,0.45029694,0.785,14.412550210952759
0.4433071,0.7926041666666667,0.45029563,0.785,14.414355278015137
0.44330502,0.7926041666666667,0.4502943,0.785,14.416106700897217
0.44330287,0.7926041666666667,0.45029286,0.785,14.417863130569458
0.44330078,0.7926041666666667,0.45029154,0.785,14.419629096984863
0.44329864,0.7926041666666667,0.4502901,0.785,14.421429872512817
0.44329655,0.7926041666666667,0.45028868,0.785,14.423195600509644
0.44329444,0.7926041666666667,0.45028737,0.785,14.42495059967041
0.4432923,0.7926041666666667,0.45028627,0.785,14.426708936691284
0.44329026,0.7926041666666667,0.450285,0.785,14.428476333618164
0.44328812,0.7926041666666667,0.45028377,0.785,14.430286407470703
0.44328603,0.7926041666666667,0.45028245,0.785,14.432097911834717
0.44328395,0.7926041666666667,0.45028123,0.785,14.43384861946106
0.4432818,0.7926041666666667,0.45027995,0.785,14.435661792755127
0.44327968,0.7926041666666667,0.45027897,0.785,14.437467813491821
0.44327754,0.7926041666666667,0.450278,0.785,14.439276456832886
0.44327545,0.7926041666666667,0.450277,0.785,14.441088676452637
0.44327337,0.7926041666666667,0.45027602,0.785,14.442900657653809
0.4432712,0.7926041666666667,0.450275,0.785,14.444721460342407
0.4432691,0.7926041666666667,0.45027384,0.785,14.446482181549072
0.44326696,0.7926041666666667,0.4502729,0.785,14.448311567306519
0.44326478,0.7926041666666667,0.45027196,0.785,14.450058698654175
0.44326258,0.7926041666666667,0.45027116,0.785,14.451818466186523
0.44326046,0.7926041666666667,0.45027018,0.785,14.453573226928711
0.44325826,0.7926041666666667,0.45026922,0.785,14.45539116859436
0.44325617,0.7926041666666667,0.45026824,0.785,14.457157850265503
0.44325393,0.7926041666666667,0.45026723,0.785,14.458975315093994
0.44325185,0.7926041666666667,0.45026612,0.785,14.460738182067871
0.4432496,0.7926041666666667,0.450265,0.785,14.462496995925903
0.44324753,0.7926041666666667,0.4502639,0.785,14.464253664016724
0.44324535,0.7926041666666667,0.4502628,0.785,14.46606731414795
0.4432432,0.7926041666666667,0.45026168,0.785,14.467884540557861
0.44324106,0.7926041666666667,0.45026073,0.785,14.469698905944824
0.44323888,0.7926041666666667,0.45025975,0.785,14.471468687057495
0.44323674,0.7926041666666667,0.4502587,0.785,14.473275184631348
0.44323456,0.7926041666666667,0.45025772,0.785,14.475086450576782
0.44323248,0.7926041666666667,0.45025665,0.785,14.476842164993286
0.44323027,0.7926041666666667,0.45025563,0.785,14.478642463684082
0.4432281,0.7926041666666667,0.45025456,0.785,14.480462551116943
0.44322595,0.7926041666666667,0.45025355,0.785,14.482276439666748
0.44322383,0.7926041666666667,0.45025244,0.785,14.484096765518188
0.44322163,0.7926041666666667,0.45025137,0.785,14.48585057258606
0.4432195,0.7926041666666667,0.45025024,0.785,14.487616777420044
0.44321737,0.7926041666666667,0.45024914,0.785,14.489376068115234
0.44321522,0.7926041666666667,0.45024806,0.785,14.491122484207153
0.4432131,0.7926041666666667,0.450247,0.785,14.492882013320923
0.44321096,0.7926041666666667,0.45024583,0.785,14.494642972946167
0.44320878,0.7926041666666667,0.4502448,0.785,14.496415853500366
0.44320664,0.7926041666666667,0.45024383,0.785,14.498161315917969
0.4432045,0.7926041666666667,0.45024288,0.785,14.499912738800049
0.4432024,0.7926041666666667,0.45024186,0.785,14.501725912094116
0.4432003,0.7926041666666667,0.45024082,0.785,14.50349235534668
0.44319814,0.7926041666666667,0.45023978,0.785,14.50524115562439
0.443196,0.7926041666666667,0.45023873,0.785,14.506991147994995
0.44319388,0.7926041666666667,0.4502377,0.785,14.508827209472656
0.4431918,0.7926041666666667,0.45023662,0.785,14.510579824447632
0.4431897,0.7926041666666667,0.45023555,0.785,14.51241946220398
0.44318756,0.7926041666666667,0.45023432,0.785,14.514235496520996
0.44318536,0.7926041666666667,0.45023316,0.785,14.515998125076294
0.4431833,0.7926041666666667,0.45023188,0.785,14.517801523208618
0.44318125,0.7926041666666667,0.45023045,0.785,14.519561290740967
0.44317913,0.7926041666666667,0.45022914,0.7845833333333333,14.521310091018677
0.44317704,0.7926041666666667,0.45022786,0.7845833333333333,14.523067235946655
0.44317496,0.7926041666666667,0.4502266,0.7845833333333333,14.524883031845093
0.44317287,0.7926041666666667,0.45022526,0.7845833333333333,14.526631355285645
0.4431708,0.7926041666666667,0.450224,0.7845833333333333,14.528382539749146
0.44316873,0.7926041666666667,0.45022267,0.7845833333333333,14.530195713043213
0.4431666,0.7926041666666667,0.45022136,0.7845833333333333,14.531958103179932
0.44316453,0.7926041666666667,0.45022014,0.7845833333333333,14.533712148666382
0.44316244,0.7926041666666667,0.4502188,0.7845833333333333,14.535464525222778
0.44316036,0.7926041666666667,0.45021755,0.7845833333333333,14.537280797958374
0.4431582,0.7926041666666667,0.45021626,0.7845833333333333,14.539041996002197
0.44315618,0.7926041666666667,0.45021495,0.7845833333333333,14.540881633758545
0.44315404,0.7925,0.4502136,0.7845833333333333,14.542698621749878
0.44315195,0.7925,0.45021257,0.7845833333333333,14.544525861740112
0.44314992,0.7925,0.45021152,0.7845833333333333,14.546275854110718
0.44314784,0.7925,0.45021042,0.7845833333333333,14.548091411590576
0.4431458,0.7925,0.45020935,0.7845833333333333,14.549839973449707
0.44314373,0.7925,0.4502084,0.7845833333333333,14.551618814468384
0.44314164,0.7925,0.45020735,0.7845833333333333,14.553365468978882
0.44313955,0.7925,0.4502064,0.7845833333333333,14.555115222930908
0.44313753,0.7925,0.45020545,0.7845833333333333,14.556940078735352
0.44313544,0.7925,0.45020446,0.7845833333333333,14.55872106552124
0.4431333,0.7925,0.45020336,0.7845833333333333,14.560492515563965
0.44313127,0.7925,0.45020235,0.7845833333333333,14.56231951713562
0.44312918,0.7925,0.4502012,0.7845833333333333,14.564069509506226
0.4431271,0.7925,0.4502002,0.7845833333333333,14.56588077545166
0.44312504,0.7925,0.45019913,0.7845833333333333,14.56764817237854
0.44312292,0.7925,0.450198,0.7845833333333333,14.569398880004883
0.44312087,0.7925,0.45019698,0.7845833333333333,14.571148157119751
0.44311875,0.7925,0.45019582,0.7845833333333333,14.572906494140625
0.4431167,0.7925,0.45019472,0.7845833333333333,14.574665784835815
0.44311467,0.7925,0.45019358,0.7845833333333333,14.57649850845337
0.44311258,0.7925,0.45019242,0.7845833333333333,14.578309297561646
0.4431105,0.7925,0.45019114,0.7845833333333333,14.580121517181396
0.4431084,0.7925,0.45019004,0.7845833333333333,14.581875562667847
0.44310632,0.7925,0.45018885,0.7845833333333333,14.583641052246094
0.44310436,0.7925,0.45018768,0.7845833333333333,14.585389852523804
0.44310227,0.7925,0.45018652,0.7845833333333333,14.587194919586182
0.44310018,0.7925,0.4501853,0.7845833333333333,14.589023351669312
0.4430981,0.7925,0.45018414,0.7845833333333333,14.590828895568848
0.443096,0.7925,0.4501829,0.7845833333333333,14.592597961425781
0.443094,0.7925,0.45018172,0.7845833333333333,14.59441614151001
0.4430919,0.7925,0.4501805,0.7845833333333333,14.596175909042358
0.44308984,0.7925,0.4501794,0.7845833333333333,14.597987413406372
0.44308776,0.7925,0.45017838,0.7845833333333333,14.599743127822876
0.44308567,0.7925,0.4501774,0.7845833333333333,14.601499319076538
0.44308358,0.7925,0.4501764,0.7845833333333333,14.603250503540039
0.44308147,0.7925,0.45017543,0.7845833333333333,14.605016708374023
0.44307938,0.7925,0.45017436,0.7845833333333333,14.606827974319458
0.4430773,0.7925,0.45017338,0.7845833333333333,14.608657360076904
0.4430752,0.7925,0.45017236,0.7845833333333333,14.610456705093384
0.44307312,0.7925,0.45017126,0.7845833333333333,14.612218141555786
0.44307104,0.7925,0.45017025,0.7845833333333333,14.6139554977417
0.4430689,0.7925,0.45016912,0.7845833333333333,14.615771770477295
0.44306687,0.7925,0.4501681,0.7845833333333333,14.617532014846802
0.44306478,0.7925,0.45016703,0.7845833333333333,14.61932635307312
0.44306263,0.7925,0.45016587,0.7845833333333333,14.621112585067749
0.44306052,0.7925,0.45016474,0.7845833333333333,14.62293028831482
0.44305846,0.7925,0.45016363,0.7845833333333333,14.62468957901001
0.44305637,0.7925,0.45016256,0.7845833333333333,14.626509428024292
0.44305435,0.7925,0.45016143,0.7845833333333333,14.628278732299805
0.44305226,0.7925,0.45016026,0.7845833333333333,14.630089521408081
0.44305018,0.7925,0.4501591,0.7845833333333333,14.631911754608154
0.4430481,0.7925,0.45015794,0.7845833333333333,14.633664846420288
0.443046,0.7925,0.4501568,0.7845833333333333,14.635427951812744
0.44304392,0.7925,0.45015565,0.7845833333333333,14.637183666229248
0.44304183,0.7925,0.4501545,0.7845833333333333,14.638999700546265
0.44303975,0.7925,0.4501534,0.7845833333333333,14.640768051147461
0.44303766,0.7925,0.4501524,0.7845833333333333,14.642515897750854
0.44303557,0.7925,0.45015126,0.7845833333333333,14.644338130950928
0.44303346,0.7925,0.45015013,0.7845833333333333,14.64614462852478
0.4430314,0.7925,0.45014903,0.7845833333333333,14.647906064987183
0.44302928,0.7925,0.45014796,0.7845833333333333,14.64966893196106
0.44302723,0.7925,0.45014688,0.7845833333333333,14.65143609046936
0.4430251,0.7925,0.45014578,0.7845833333333333,14.653187274932861
0.4430231,0.7925,0.45014465,0.7845833333333333,14.655007600784302
0.44302094,0.7925,0.45014355,0.7845833333333333,14.656765460968018
0.4430189,0.7925,0.45014235,0.7845833333333333,14.658530473709106
0.44301683,0.7925,0.4501413,0.7845833333333333,14.660308837890625
0.44301474,0.7925,0.45014018,0.7845833333333333,14.662117958068848
0.4430126,0.7925,0.4501391,0.7845833333333333,14.663880109786987
0.44301057,0.7925,0.45013794,0.7845833333333333,14.665691614151001
0.44300848,0.7925,0.4501368,0.7845833333333333,14.667497634887695
0.4430064,0.7925,0.4501357,0.7845833333333333,14.669258117675781
0.4430043,0.7925,0.45013458,0.7845833333333333,14.671066761016846
0.44300225,0.7925,0.4501334,0.7845833333333333,14.672820806503296
0.4430002,0.7925,0.45013213,0.7845833333333333,14.674574136734009
0.4429981,0.7925,0.45013103,0.785,14.676330089569092
0.44299603,0.7925,0.45012966,0.785,14.678078889846802
0.44299403,0.7925,0.45012832,0.785,14.679837226867676
0.44299188,0.7926041666666667,0.45012707,0.785,14.681654214859009
0.44298986,0.7926041666666667,0.45012572,0.785,14.683417558670044
0.44298783,0.7926041666666667,0.45012435,0.785,14.68517255783081
0.4429858,0.7926041666666667,0.4501231,0.785,14.68697738647461
0.44298372,0.7926041666666667,0.45012176,0.7854166666666667,14.688738107681274
0.44298163,0.7926041666666667,0.45012048,0.7854166666666667,14.690541982650757
0.44297957,0.7926041666666667,0.45011938,0.7854166666666667,14.692293643951416
0.44297755,0.7926041666666667,0.45011824,0.7854166666666667,14.694047927856445
0.44297552,0.7926041666666667,0.45011708,0.7854166666666667,14.69580602645874
0.44297343,0.7926041666666667,0.450116,0.7854166666666667,14.697558403015137
0.4429714,0.7926041666666667,0.4501149,0.7854166666666667,14.699361801147461
0.44296935,0.7925,0.45011392,0.7854166666666667,14.701121807098389
0.44296727,0.7925,0.4501129,0.7854166666666667,14.702884197235107
0.44296518,0.7925,0.4501118,0.7854166666666667,14.704643249511719
0.4429632,0.7925,0.45011067,0.7854166666666667,14.706467628479004
0.44296113,0.7923958333333333,0.45010966,0.7854166666666667,14.70828127861023
0.4429591,0.7923958333333333,0.45010853,0.7854166666666667,14.710028648376465
0.44295704,0.7923958333333333,0.45010743,0.7854166666666667,14.711780786514282
0.44295496,0.7923958333333333,0.45010626,0.7854166666666667,14.713537693023682
0.442953,0.7923958333333333,0.4501052,0.7854166666666667,14.715343952178955
0.4429509,0.7923958333333333,0.45010418,0.7854166666666667,14.717097759246826
0.44294885,0.7923958333333333,0.45010298,0.7854166666666667,14.718914270401001
0.4429468,0.7923958333333333,0.45010188,0.7854166666666667,14.720678091049194
0.4429448,0.7923958333333333,0.45010075,0.7854166666666667,14.722487926483154
0.4429427,0.7923958333333333,0.45009968,0.7854166666666667,14.72429895401001
0.44294062,0.7923958333333333,0.45009872,0.7854166666666667,14.72611379623413
0.44293863,0.7923958333333333,0.4500976,0.7854166666666667,14.72792673110962
0.4429366,0.7923958333333333,0.45009664,0.7854166666666667,14.729680299758911
0.4429345,0.7923958333333333,0.45009562,0.7854166666666667,14.731453657150269
0.4429325,0.7923958333333333,0.45009455,0.7854166666666667,14.733201265335083
0.44293046,0.7923958333333333,0.45009354,0.7854166666666667,14.734947204589844
0.44292837,0.7923958333333333,0.45009252,0.7854166666666667,14.73670220375061
0.44292638,0.7923958333333333,0.4500915,0.7854166666666667,14.73845362663269
0.44292423,0.7923958333333333,0.45009044,0.7854166666666667,14.740286111831665
0.4429222,0.7923958333333333,0.4500895,0.7854166666666667,14.742095708847046
0.44292024,0.7923958333333333,0.4500886,0.7854166666666667,14.743907928466797
0.44291818,0.7923958333333333,0.4500877,0.7854166666666667,14.745780229568481
0.44291615,0.7923958333333333,0.45008668,0.7854166666666667,14.747600793838501
0.44291413,0.7923958333333333,0.45008576,0.7854166666666667,14.749362468719482
0.44291204,0.7923958333333333,0.45008478,0.7854166666666667,14.751117706298828
0.44291002,0.7923958333333333,0.45008373,0.7854166666666667,14.752933979034424
0.44290796,0.7923958333333333,0.45008296,0.7854166666666667,14.754714965820312
0.44290587,0.7923958333333333,0.45008215,0.7854166666666667,14.75650930404663
0.44290376,0.7923958333333333,0.4500813,0.7854166666666667,14.758347034454346
0.4429017,0.7923958333333333,0.45008045,0.7854166666666667,14.760165929794312
0.4428996,0.7923958333333333,0.4500796,0.7854166666666667,14.761943817138672
0.44289753,0.7923958333333333,0.45007873,0.7854166666666667,14.763738632202148
0.44289544,0.7923958333333333,0.45007777,0.7854166666666667,14.765519618988037
0.4428934,0.7923958333333333,0.4500768,0.7854166666666667,14.767297983169556
0.44289124,0.7923958333333333,0.45007583,0.7854166666666667,14.769066572189331
0.4428892,0.7923958333333333,0.4500749,0.7854166666666667,14.770848512649536
0.44288713,0.7923958333333333,0.45007384,0.7854166666666667,14.772854328155518
0.44288504,0.7923958333333333,0.45007288,0.7854166666666667,14.774624824523926
0.4428829,0.7923958333333333,0.45007193,0.7854166666666667,14.776387214660645
0.4428809,0.7923958333333333,0.45007086,0.7854166666666667,14.778143167495728
0.44287878,0.7923958333333333,0.45006987,0.7854166666666667,14.779906988143921
0.4428767,0.7923958333333333,0.45006877,0.7854166666666667,14.781712293624878
0.44287464,0.7923958333333333,0.4500677,0.7854166666666667,14.78347373008728
0.44287252,0.7923958333333333,0.45006663,0.7854166666666667,14.785290956497192
0.44287044,0.7923958333333333,0.4500656,0.7854166666666667,14.787048101425171
0.4428684,0.7923958333333333,0.45006454,0.7854166666666667,14.788866519927979
0.44286633,0.7923958333333333,0.45006344,0.7854166666666667,14.790691137313843
0.44286424,0.7923958333333333,0.45006236,0.7854166666666667,14.792449474334717
0.44286215,0.7923958333333333,0.45006123,0.7854166666666667,14.794256925582886
0.44286016,0.7923958333333333,0.45006016,0.7854166666666667,14.7960684299469
0.442858,0.7923958333333333,0.450059,0.7854166666666667,14.797887802124023
0.44285592,0.7923958333333333,0.4500579,0.7854166666666667,14.799705266952515
0.4428539,0.7923958333333333,0.4500567,0.7854166666666667,14.801464080810547
0.4428518,0.7923958333333333,0.4500556,0.7854166666666667,14.803268671035767
0.44284979,0.7923958333333333,0.45005447,0.7854166666666667,14.805030107498169
0.4428477,0.7923958333333333,0.4500534,0.7854166666666667,14.806787490844727
0.4428456,0.7923958333333333,0.45005238,0.7854166666666667,14.808606147766113
0.4428436,0.7923958333333333,0.45005152,0.7854166666666667,14.810421705245972
0.44284144,0.7923958333333333,0.45005062,0.7854166666666667,14.812238693237305
0.44283935,0.7923958333333333,0.45004964,0.7854166666666667,14.814053535461426
0.44283736,0.7923958333333333,0.4500487,0.7854166666666667,14.815818309783936
0.4428353,0.7925,0.45004776,0.7854166666666667,14.817577123641968
0.44283316,0.7925,0.4500468,0.7854166666666667,14.819333791732788
0.44283107,0.7925,0.45004573,0.7854166666666667,14.821094274520874
0.44282904,0.7925,0.45004472,0.7854166666666667,14.822845458984375
0.44282696,0.7925,0.4500438,0.7854166666666667,14.824603080749512
0.4428249,0.7925,0.45004272,0.7854166666666667,14.826352834701538
0.44282278,0.7925,0.45004165,0.7858333333333334,14.828168153762817
0.4428208,0.7925,0.45004064,0.7858333333333334,14.829975605010986
0.4428187,0.7925,0.45003968,0.7858333333333334,14.831793546676636
0.44281662,0.7925,0.45003855,0.7858333333333334,14.833598375320435
0.4428146,0.7925,0.45003748,0.7858333333333334,14.83534574508667
0.4428125,0.7925,0.45003647,0.7858333333333334,14.83716106414795
0.44281048,0.7925,0.4500354,0.7858333333333334,14.838969469070435
0.4428084,0.7925,0.45003438,0.7858333333333334,14.840731859207153
0.4428063,0.7925,0.4500333,0.7858333333333334,14.842490196228027
0.44280422,0.7925,0.4500322,0.7858333333333334,14.844316005706787
0.44280216,0.7925,0.4500312,0.7858333333333334,14.846121788024902
0.44280005,0.7925,0.45003015,0.7858333333333334,14.847935676574707
0.44279805,0.7925,0.4500291,0.7858333333333334,14.84968614578247
0.44279593,0.7925,0.45002803,0.7858333333333334,14.851441860198975
0.44279388,0.7925,0.45002696,0.7858333333333334,14.853246212005615
0.4427918,0.7925,0.45002595,0.7858333333333334,14.855047941207886
0.4427897,0.7925,0.4500248,0.7858333333333334,14.856857776641846
0.44278768,0.7925,0.4500238,0.7858333333333334,14.858665227890015
0.4427856,0.7923958333333333,0.45002273,0.7858333333333334,14.86048674583435
0.44278362,0.7923958333333333,0.45002162,0.7858333333333334,14.862239360809326
0.44278154,0.7923958333333333,0.4500206,0.7858333333333334,14.863999843597412
0.44277945,0.7923958333333333,0.45001942,0.78625,14.865808248519897
0.4427774,0.7923958333333333,0.4500184,0.78625,14.867621898651123
0.44277537,0.7923958333333333,0.4500176,0.78625,14.869383096694946
0.44277322,0.7923958333333333,0.45001683,0.78625,14.871193408966064
0.4427712,0.7923958333333333,0.45001596,0.78625,14.872964143753052
0.44276905,0.7923958333333333,0.45001516,0.78625,14.874762058258057
0.44276702,0.7923958333333333,0.45001423,0.78625,14.876584529876709
0.44276488,0.7923958333333333,0.45001334,0.78625,14.878384828567505
0.44276285,0.7923958333333333,0.45001248,0.78625,14.88014268875122
0.44276074,0.7923958333333333,0.45001155,0.78625,14.881898164749146
0.44275865,0.7923958333333333,0.45001057,0.78625,14.883665800094604
0.4427565,0.7923958333333333,0.4500097,0.78625,14.885414361953735
0.44275448,0.7923958333333333,0.4500087,0.78625,14.887171745300293
0.4427524,0.7923958333333333,0.4500078,0.78625,14.888939142227173
0.4427503,0.7923958333333333,0.45000675,0.78625,14.89069390296936
0.44274822,0.7923958333333333,0.4500059,0.78625,14.892465353012085
0.44274613,0.7923958333333333,0.45000494,0.78625,14.894220113754272
0.442744,0.7923958333333333,0.45000398,0.78625,14.895984172821045
0.44274184,0.7923958333333333,0.450003,0.78625,14.897799253463745
0.44273975,0.7923958333333333,0.45000207,0.78625,14.899559259414673
0.44273764,0.7923958333333333,0.4500012,0.78625,14.901365756988525
0.44273555,0.7923958333333333,0.45000032,0.78625,14.90311574935913
0.44273347,0.7923958333333333,0.4499994,0.78625,14.904892206192017
0.44273138,0.7923958333333333,0.44999853,0.78625,14.90664005279541
0.4427293,0.7923958333333333,0.4499976,0.78625,14.908397674560547
0.44272715,0.7923958333333333,0.44999665,0.78625,14.91021466255188
0.442725,0.7923958333333333,0.44999573,0.78625,14.912032842636108
0.44272292,0.7923958333333333,0.44999465,0.78625,14.913843393325806
0.44272086,0.7923958333333333,0.4499937,0.78625,14.915663003921509
0.44271877,0.7923958333333333,0.44999272,0.78625,14.917419195175171
0.4427167,0.7923958333333333,0.44999176,0.78625,14.919177055358887
0.44271454,0.7925,0.44999078,0.78625,14.920932054519653
0.4427124,0.7925,0.44998983,0.78625,14.922692060470581
0.44271037,0.7925,0.44998887,0.78625,14.924442768096924
0.44270822,0.7925,0.4499878,0.78625,14.92619276046753
0.44270614,0.7925,0.4499868,0.78625,14.927958726882935
0.44270405,0.7925,0.4499858,0.78625,14.929717063903809
0.44270203,0.7925,0.44998455,0.78625,14.931550741195679
0.44269988,0.7925,0.44998342,0.78625,14.933365106582642
0.4426978,0.7925,0.44998226,0.78625,14.935173034667969
0.4426957,0.7925,0.44998103,0.78625,14.936933040618896
0.44269368,0.7925,0.4499799,0.78625,14.93868350982666
0.44269153,0.7925,0.44997874,0.78625,14.94044804573059
0.44268945,0.7925,0.4499776,0.78625,14.942263841629028
0.44268742,0.7925,0.4499766,0.78625,14.944015502929688
0.4426853,0.7925,0.44997564,0.78625,14.94576096534729
0.44268316,0.7925,0.44997466,0.78625,14.947529554367065
0.44268107,0.7925,0.44997355,0.78625,14.949293375015259
0.442679,0.7925,0.44997248,0.78625,14.951040506362915
0.4426769,0.7925,0.44997147,0.78625,14.952861785888672
0.44267473,0.7925,0.4499704,0.78625,14.954620361328125
0.44267264,0.7925,0.44996917,0.78625,14.956387758255005
0.4426705,0.7925,0.44996807,0.78625,14.958162069320679
0.44266835,0.7925,0.44996685,0.78625,14.959929943084717
0.44266623,0.7925,0.44996563,0.78625,14.9616858959198
0.44266415,0.7925,0.4499646,0.78625,14.963447570800781
0.44266206,0.7925,0.44996342,0.78625,14.965270280838013
0.44265985,0.7925,0.44996226,0.78625,14.967043399810791
0.44265783,0.7925,0.44996116,0.78625,14.968883037567139
0.44265568,0.7925,0.44996002,0.78625,14.970685005187988
0.4426536,0.7925,0.4499589,0.7866666666666666,14.972507238388062
0.44265148,0.7925,0.4499578,0.7866666666666666,14.974262714385986
0.44264933,0.7925,0.44995663,0.7866666666666666,14.976012468338013
0.44264725,0.7925,0.44995555,0.7866666666666666,14.97781252861023
0.4426451,0.7925,0.44995433,0.7866666666666666,14.979634046554565
0.442643,0.7925,0.4499532,0.7866666666666666,14.981390714645386
0.4426409,0.7925,0.44995204,0.7866666666666666,14.983201742172241
0.44263875,0.7926041666666667,0.4499509,0.7866666666666666,14.985021352767944
0.44263667,0.7926041666666667,0.44995,0.7866666666666666,14.986842393875122
0.44263452,0.7926041666666667,0.4499491,0.7866666666666666,14.988625049591064
0.44263235,0.7926041666666667,0.44994816,0.7866666666666666,14.990448951721191
0.44263026,0.7926041666666667,0.44994727,0.7866666666666666,14.99222707748413
0.44262803,0.7926041666666667,0.44994628,0.7866666666666666,14.994039297103882
0.44262588,0.7926041666666667,0.44994527,0.7866666666666666,14.995792865753174
0.44262373,0.7926041666666667,0.44994432,0.7866666666666666,14.997610092163086
0.44262162,0.7926041666666667,0.44994333,0.7866666666666666,14.999413967132568
0.44261947,0.7926041666666667,0.44994238,0.7866666666666666,15.001218318939209
0.4426173,0.7926041666666667,0.44994137,0.7866666666666666,15.00302004814148
0.44261515,0.7926041666666667,0.44994032,0.7866666666666666,15.004776954650879
0.442613,0.7926041666666667,0.4499393,0.7866666666666666,15.006540298461914
0.44261083,0.7926041666666667,0.4499383,0.7866666666666666,15.008293390274048
0.44260868,0.7926041666666667,0.44993728,0.7866666666666666,15.01004147529602
0.44260657,0.7926041666666667,0.44993618,0.7866666666666666,15.011863470077515
0.44260442,0.7926041666666667,0.44993505,0.7866666666666666,15.013673067092896
0.44260225,0.7926041666666667,0.44993398,0.7866666666666666,15.015432119369507
0.4426001,0.7926041666666667,0.4499329,0.7866666666666666,15.0171799659729
0.44259802,0.7926041666666667,0.4499318,0.7866666666666666,15.018928527832031
0.44259578,0.7926041666666667,0.44993073,0.7866666666666666,15.020747184753418
0.4425937,0.7926041666666667,0.44992965,0.7866666666666666,15.022498607635498
0.44259155,0.7926041666666667,0.44992855,0.7866666666666666,15.024263620376587
0.44258937,0.7926041666666667,0.44992742,0.7866666666666666,15.026069641113281
0.44258723,0.7926041666666667,0.4499266,0.7866666666666666,15.027830839157104
0.44258505,0.7926041666666667,0.44992563,0.7866666666666666,15.029586791992188
0.44258285,0.7926041666666667,0.44992462,0.7866666666666666,15.031341314315796
0.44258067,0.7926041666666667,0.44992366,0.7866666666666666,15.033161401748657
0.44257852,0.7926041666666667,0.44992268,0.7866666666666666,15.03497862815857
0.4425763,0.7926041666666667,0.44992173,0.7866666666666666,15.036740064620972
0.4425741,0.7926041666666667,0.4499207,0.7866666666666666,15.038493633270264
0.4425719,0.7926041666666667,0.4499197,0.7866666666666666,15.040252447128296
0.4425698,0.7926041666666667,0.44991872,0.7866666666666666,15.042000532150269
0.4425676,0.7926041666666667,0.44991776,0.7866666666666666,15.043827295303345
0.4425654,0.7926041666666667,0.44991663,0.7866666666666666,15.045632362365723
0.44256324,0.7926041666666667,0.44991532,0.7866666666666666,15.047393560409546
0.4425611,0.7926041666666667,0.44991404,0.7866666666666666,15.049206972122192
0.44255888,0.7926041666666667,0.44991273,0.7866666666666666,15.051010131835938
0.4425567,0.7926041666666667,0.4499115,0.7866666666666666,15.052818536758423
0.44255453,0.7926041666666667,0.44991016,0.7866666666666666,15.054572343826294
0.44255245,0.7926041666666667,0.44990885,0.7866666666666666,15.056326866149902
0.4425502,0.7926041666666667,0.44990727,0.7866666666666666,15.058073043823242
0.44254807,0.7926041666666667,0.44990596,0.7866666666666666,15.059885025024414
0.4425459,0.7926041666666667,0.44990453,0.7866666666666666,15.061687469482422
0.44254375,0.7926041666666667,0.44990316,0.7866666666666666,15.06350588798523
0.4425415,0.7926041666666667,0.44990185,0.7866666666666666,15.065265417098999
0.44253936,0.7926041666666667,0.44990066,0.7866666666666666,15.067073822021484
0.4425372,0.7926041666666667,0.4498995,0.7866666666666666,15.068835496902466
0.44253498,0.7926041666666667,0.44989833,0.7866666666666666,15.07058596611023
0.44253287,0.7926041666666667,0.4498972,0.7866666666666666,15.072344541549683
0.44253066,0.7926041666666667,0.44989604,0.7866666666666666,15.074095487594604
0.44252855,0.7926041666666667,0.44989476,0.7866666666666666,15.075861692428589
0.4425264,0.7926041666666667,0.4498936,0.7866666666666666,15.077611207962036
0.44252422,0.7926041666666667,0.44989243,0.7866666666666666,15.079368352890015
0.44252208,0.7926041666666667,0.44989127,0.7866666666666666,15.081135272979736
0.44251993,0.7926041666666667,0.44989008,0.7866666666666666,15.082893133163452
0.4425177,0.7926041666666667,0.44988883,0.7866666666666666,15.084656000137329
0.4425156,0.7926041666666667,0.4498876,0.7866666666666666,15.08640742301941
0.44251344,0.7926041666666667,0.44988638,0.7866666666666666,15.088165998458862
0.4425113,0.7926041666666667,0.44988516,0.78625,15.08992314338684
0.4425091,0.7926041666666667,0.44988394,0.78625,15.091689348220825
0.44250697,0.7926041666666667,0.44988272,0.78625,15.093448877334595
0.44250482,0.7926041666666667,0.4498817,0.78625,15.095210552215576
0.44250265,0.7926041666666667,0.4498807,0.78625,15.096977472305298
0.4425005,0.7926041666666667,0.44987962,0.78625,15.09879994392395
0.44249842,0.7926041666666667,0.44987854,0.78625,15.100621223449707
0.44249624,0.7926041666666667,0.44987738,0.78625,15.102432250976562
0.4424941,0.7926041666666667,0.44987625,0.78625,15.10420036315918
0.44249198,0.7926041666666667,0.44987524,0.78625,15.105950832366943
0.44248983,0.7925,0.44987392,0.78625,15.107727289199829
0.4424877,0.7925,0.4498727,0.78625,15.10955023765564
0.44248554,0.7925,0.4498715,0.78625,15.111371278762817
0.44248343,0.7925,0.44987026,0.78625,15.113193273544312
0.44248128,0.7925,0.44986892,0.78625,15.114944458007812
0.44247913,0.7925,0.44986776,0.78625,15.116759061813354
0.44247705,0.7925,0.44986647,0.78625,15.118512153625488
0.44247493,0.7925,0.44986522,0.78625,15.120275735855103
0.4424728,0.7925,0.449864,0.78625,15.12206482887268
0.4424707,0.7925,0.44986278,0.78625,15.123895645141602
0.44246852,0.7925,0.44986144,0.78625,15.125702142715454
0.44246644,0.7925,0.44986022,0.78625,15.127459526062012
0.44246435,0.7925,0.44985902,0.78625,15.129209280014038
0.4424622,0.7925,0.44985768,0.78625,15.130965948104858
0.44246006,0.7925,0.44985637,0.78625,15.132737398147583
0.44245797,0.7925,0.44985515,0.78625,15.134488105773926
0.4424558,0.7925,0.44985387,0.78625,15.136244535446167
0.4424537,0.7925,0.4498526,0.78625,15.137999057769775
0.44245163,0.7925,0.44985133,0.78625,15.139824390411377
0.44244945,0.7925,0.4498501,0.78625,15.141572952270508
0.4424473,0.7925,0.44984883,0.78625,15.143325090408325
0.44244522,0.7925,0.4498476,0.78625,15.145145416259766
0.44244313,0.7925,0.4498464,0.78625,15.146962642669678
0.442441,0.7925,0.44984514,0.78625,15.148724794387817
0.4424388,0.7925,0.4498438,0.78625,15.150477647781372
0.4424368,0.7925,0.44984257,0.78625,15.152299880981445
0.4424347,0.7925,0.4498414,0.78625,15.154108047485352
0.44243255,0.7925,0.4498401,0.78625,15.155924081802368
0.44243047,0.7925,0.44983888,0.78625,15.157729864120483
0.4424283,0.7925,0.44983765,0.78625,15.159538984298706
0.44242615,0.7925,0.44983613,0.7866666666666666,15.16134786605835
0.44242406,0.7925,0.4498346,0.7866666666666666,15.163220643997192
0.4424219,0.7925,0.44983307,0.7866666666666666,15.164984941482544
0.44241983,0.7925,0.4498316,0.7866666666666666,15.166800498962402
0.4424177,0.7925,0.44983017,0.7866666666666666,15.168622732162476
0.44241557,0.7925,0.44982874,0.7866666666666666,15.170383214950562
0.44241354,0.7925,0.44982737,0.7866666666666666,15.172230005264282
0.4424114,0.7925,0.44982594,0.7866666666666666,15.17398977279663
0.44240925,0.7925,0.44982463,0.7866666666666666,15.175806760787964
0.44240722,0.7925,0.44982326,0.7866666666666666,15.177619934082031
0.44240505,0.7925,0.4498219,0.7866666666666666,15.17937159538269
0.44240296,0.7925,0.44982055,0.7866666666666666,15.181121826171875
0.4424008,0.7925,0.44981924,0.7866666666666666,15.182864904403687
0.44239873,0.7925,0.44981793,0.7866666666666666,15.184687376022339
0.4423966,0.7925,0.44981664,0.7866666666666666,15.18652892112732
0.44239447,0.7925,0.44981536,0.7866666666666666,15.188321113586426
0.44239232,0.7925,0.44981384,0.7866666666666666,15.19013786315918
0.4423903,0.7925,0.44981232,0.7866666666666666,15.191901922225952
0.44238815,0.7925,0.4498108,0.7866666666666666,15.193707704544067
0.44238606,0.7925,0.44980925,0.7866666666666666,15.195530652999878
0.44238397,0.7925,0.44980767,0.7866666666666666,15.197284698486328
0.4423819,0.7925,0.44980615,0.7866666666666666,15.199035406112671
0.4423798,0.7926041666666667,0.44980475,0.7866666666666666,15.200866222381592
0.44237772,0.7926041666666667,0.4498032,0.7866666666666666,15.202627420425415
0.4423756,0.7926041666666667,0.4498018,0.78625,15.204447746276855
0.4423735,0.7926041666666667,0.44980037,0.78625,15.206246852874756
0.44237146,0.7926041666666667,0.44979888,0.78625,15.208005905151367
0.44236934,0.7926041666666667,0.44979736,0.78625,15.209765911102295
0.4423672,0.7926041666666667,0.44979584,0.78625,15.211583137512207
0.4423651,0.7926041666666667,0.4497944,0.78625,15.213329792022705
0.44236302,0.7926041666666667,0.44979283,0.78625,15.215088844299316
0.44236088,0.7926041666666667,0.44979137,0.78625,15.216889142990112
0.44235885,0.7926041666666667,0.44979003,0.78625,15.218713760375977
0.4423567,0.7926041666666667,0.44978857,0.78625,15.220478534698486
0.44235465,0.7926041666666667,0.44978714,0.78625,15.222279071807861
0.44235256,0.7926041666666667,0.44978577,0.78625,15.224043846130371
0.44235048,0.7927083333333333,0.4497844,0.78625,15.225787878036499
0.4423484,0.7927083333333333,0.44978297,0.78625,15.227548599243164
0.4423463,0.7927083333333333,0.4497816,0.78625,15.22930908203125
0.44234416,0.7927083333333333,0.4497803,0.78625,15.231068134307861
0.44234207,0.7927083333333333,0.44977906,0.78625,15.232832908630371
0.44234,0.7927083333333333,0.44977772,0.78625,15.234652996063232
0.4423379,0.7927083333333333,0.44977635,0.78625,15.236419916152954
0.4423358,0.7927083333333333,0.44977525,0.78625,15.238218784332275
0.44233367,0.7927083333333333,0.44977388,0.78625,15.23996877670288
0.44233164,0.7927083333333333,0.4497726,0.78625,15.241782188415527
0.4423295,0.7927083333333333,0.44977117,0.78625,15.243550539016724
0.44232747,0.7927083333333333,0.44977042,0.78625,15.245301723480225
0.44232532,0.7927083333333333,0.4497692,0.78625,15.247105836868286
0.44232324,0.7927083333333333,0.44976816,0.78625,15.248851299285889
0.44232112,0.7927083333333333,0.44976714,0.78625,15.250601053237915
0.44231904,0.7927083333333333,0.44976613,0.78625,15.252358436584473
0.44231683,0.7927083333333333,0.4497649,0.78625,15.254172086715698
0.44231474,0.7927083333333333,0.4497638,0.78625,15.25597882270813
0.44231263,0.7927083333333333,0.44976282,0.78625,15.25772762298584
0.44231048,0.7927083333333333,0.4497618,0.78625,15.259490966796875
0.4423084,0.7927083333333333,0.44976085,0.78625,15.261245965957642
0.44230625,0.7927083333333333,0.44975972,0.78625,15.262991905212402
0.44230413,0.7927083333333333,0.44975865,0.78625,15.264751434326172
0.44230205,0.7928125,0.4497574,0.78625,15.26656174659729
0.44229996,0.7928125,0.44975632,0.78625,15.268325805664062
0.44229788,0.7928125,0.44975516,0.78625,15.27008056640625
0.44229567,0.7928125,0.44975427,0.78625,15.271841764450073
0.4422936,0.7928125,0.44975308,0.78625,15.273608207702637
0.44229147,0.7928125,0.44975188,0.78625,15.275421142578125
0.44228938,0.7928125,0.44975072,0.78625,15.277234077453613
0.4422873,0.7928125,0.4497495,0.78625,15.279046058654785
0.4422851,0.7928125,0.44974834,0.78625,15.280810356140137
0.44228306,0.7928125,0.44974717,0.78625,15.282570123672485
0.44228095,0.7928125,0.44974595,0.78625,15.284329891204834
0.44227886,0.7928125,0.44974476,0.78625,15.286079406738281
0.44227672,0.7928125,0.44974366,0.78625,15.287903547286987
0.44227463,0.7928125,0.44974244,0.78625,15.289677619934082
0.44227248,0.7928125,0.4497415,0.78625,15.291504859924316
0.4422704,0.7928125,0.4497403,0.78625,15.293304681777954
0.44226828,0.7928125,0.44973907,0.78625,15.295055866241455
0.44226614,0.7928125,0.4497379,0.78625,15.29681396484375
0.44226405,0.7928125,0.44973674,0.78625,15.298578977584839
0.4422619,0.7928125,0.44973552,0.78625,15.300362586975098
0.44225982,0.7928125,0.44973433,0.78625,15.302111864089966
0.4422577,0.7928125,0.44973323,0.78625,15.30385947227478
0.44225562,0.7928125,0.449732,0.78625,15.305612325668335
0.44225347,0.7928125,0.44973078,0.78625,15.307528972625732
0.44225138,0.7927083333333333,0.44972956,0.78625,15.309291362762451
0.44224924,0.7927083333333333,0.44972834,0.78625,15.311054706573486
0.44224715,0.7927083333333333,0.44972718,0.78625,15.312824249267578
0.44224507,0.7927083333333333,0.44972584,0.78625,15.314626932144165
0.44224298,0.7927083333333333,0.44972488,0.78625,15.316442489624023
0.4422408,0.7927083333333333,0.4497236,0.78625,15.318198919296265
0.44223872,0.7927083333333333,0.44972244,0.78625,15.320014238357544
0.44223663,0.7927083333333333,0.44972122,0.78625,15.321763515472412
0.44223455,0.7927083333333333,0.44972005,0.78625,15.323572397232056
0.44223246,0.7927083333333333,0.44971883,0.78625,15.325319051742554
0.4422303,0.7927083333333333,0.44971767,0.78625,15.327077627182007
0.44222823,0.7927083333333333,0.44971645,0.78625,15.328830242156982
0.4422261,0.7927083333333333,0.44971526,0.78625,15.330585241317749
0.44222403,0.7927083333333333,0.4497141,0.78625,15.332350254058838
0.442222,0.7927083333333333,0.44971284,0.78625,15.334099054336548
0.44221985,0.7927083333333333,0.44971162,0.78625,15.335848331451416
0.44221777,0.7927083333333333,0.44971043,0.78625,15.337601900100708
0.44221568,0.7927083333333333,0.4497092,0.78625,15.339345693588257
0.44221354,0.7927083333333333,0.44970804,0.78625,15.341100454330444
0.4422115,0.7927083333333333,0.44970688,0.78625,15.342923402786255
0.44220936,0.7927083333333333,0.44970566,0.78625,15.34467601776123
0.44220728,0.7927083333333333,0.4497045,0.78625,15.346434831619263
0.44220525,0.7927083333333333,0.44970328,0.78625,15.348254919052124
0.44220316,0.7927083333333333,0.44970205,0.78625,15.350004434585571
0.44220108,0.7927083333333333,0.44970086,0.78625,15.351764440536499
0.44219893,0.7927083333333333,0.4496997,0.78625,15.35352373123169
0.44219685,0.7927083333333333,0.4496986,0.78625,15.355271577835083
0.44219476,0.7927083333333333,0.4496974,0.78625,15.357088804244995
0.44219273,0.7927083333333333,0.44969624,0.78625,15.358899593353271
0.44219062,0.7928125,0.44969508,0.78625,15.360655307769775
0.44218853,0.7928125,0.44969395,0.78625,15.3624107837677
0.4421864,0.7928125,0.44969273,0.78625,15.364169120788574
0.44218436,0.7928125,0.44969255,0.78625,15.365920782089233
0.44218215,0.7928125,0.44969213,0.78625,15.367743253707886
0.44218004,0.7927083333333333,0.44969183,0.78625,15.369553804397583
0.44217795,0.7927083333333333,0.44969133,0.78625,15.371358394622803
0.44217575,0.7927083333333333,0.4496907,0.78625,15.373173713684082
0.44217372,0.7927083333333333,0.44968998,0.78625,15.375009059906006
0.44217163,0.7927083333333333,0.44968948,0.78625,15.376787662506104
0.44216946,0.7927083333333333,0.44968897,0.78625,15.378536701202393
0.4421673,0.7927083333333333,0.4496884,0.78625,15.380444288253784
0.4421651,0.7927083333333333,0.44968775,0.78625,15.382317781448364
0.44216302,0.7927083333333333,0.44968715,0.78625,15.38413119316101
0.4421609,0.7927083333333333,0.44968644,0.78625,15.385891437530518
0.44215882,0.7927083333333333,0.44968572,0.78625,15.387649059295654
0.4421566,0.7927083333333333,0.44968516,0.78625,15.389452695846558
0.4421545,0.7928125,0.4496843,0.78625,15.391259670257568
0.44215235,0.7928125,0.4496835,0.78625,15.393008708953857
0.4421502,0.7928125,0.4496825,0.78625,15.394757509231567
0.4421481,0.7928125,0.44968164,0.78625,15.396520614624023
0.442146,0.7928125,0.44968075,0.78625,15.398322582244873
0.44214386,0.7928125,0.44967997,0.78625,15.400087594985962
0.4421417,0.7928125,0.44967902,0.78625,15.401829481124878
0.44213963,0.7928125,0.44967788,0.78625,15.403645277023315
0.44213745,0.7928125,0.4496768,0.78625,15.405393362045288
0.44213536,0.7928125,0.4496757,0.78625,15.407199382781982
0.44213322,0.7928125,0.44967484,0.78625,15.40895700454712
0.4421311,0.7928125,0.44967365,0.78625,15.410707235336304
0.44212902,0.7928125,0.4496726,0.78625,15.412469863891602
0.44212693,0.7928125,0.44967154,0.78625,15.4142165184021
0.44212478,0.7928125,0.4496704,0.78625,15.41602897644043
0.44212264,0.7928125,0.44966933,0.78625,15.417778253555298
0.4421206,0.7928125,0.44966853,0.78625,15.419532299041748
0.44211844,0.7928125,0.44966736,0.78625,15.421280145645142
0.44211635,0.7928125,0.4496663,0.78625,15.42302680015564
0.4421142,0.7928125,0.44966516,0.78625,15.424787759780884
0.44211206,0.7928125,0.449664,0.78625,15.426597118377686
0.44211003,0.7928125,0.44966313,0.78625,15.42835521697998
0.44210795,0.7928125,0.4496619,0.7866666666666666,15.430172443389893
0.4421058,0.7928125,0.44966105,0.7866666666666666,15.431979179382324
0.44210374,0.7928125,0.44966024,0.7866666666666666,15.433737993240356
0.4421016,0.7928125,0.44965938,0.7866666666666666,15.435497045516968
0.44209945,0.7928125,0.44965845,0.7866666666666666,15.437293529510498
0.4420973,0.7927083333333333,0.4496578,0.7866666666666666,15.43904423713684
0.44209525,0.7927083333333333,0.44965687,0.7866666666666666,15.440799951553345
0.44209304,0.7927083333333333,0.44965592,0.7866666666666666,15.442610263824463
0.4420909,0.7927083333333333,0.44965494,0.7866666666666666,15.444371461868286
0.4420888,0.7927083333333333,0.44965392,0.7866666666666666,15.446120738983154
0.4420867,0.7927083333333333,0.44965312,0.7866666666666666,15.447968482971191
0.44208455,0.7927083333333333,0.44965217,0.7866666666666666,15.449774265289307
0.4420824,0.7927083333333333,0.44965097,0.7866666666666666,15.451597213745117
0.44208038,0.7927083333333333,0.44965008,0.7866666666666666,15.453386068344116
0.4420782,0.7927083333333333,0.449649,0.7866666666666666,15.455195665359497
0.44207612,0.7927083333333333,0.44964802,0.7866666666666666,15.457014083862305
0.44207403,0.7928125,0.44964716,0.7866666666666666,15.458768606185913
0.44207188,0.7928125,0.44964615,0.7866666666666666,15.460533142089844
0.44206974,0.7928125,0.44964507,0.7866666666666666,15.46228313446045
0.44206762,0.7928125,0.44964412,0.7866666666666666,15.464040756225586
0.44206554,0.7928125,0.4496431,0.7866666666666666,15.465787172317505
0.4420634,0.7928125,0.4496421,0.7866666666666666,15.467550277709961
0.4420613,0.7928125,0.44964132,0.7866666666666666,15.469295024871826
0.44205916,0.7928125,0.44964024,0.7866666666666666,15.471046447753906
0.44205704,0.7928125,0.44963944,0.7866666666666666,15.472814559936523
0.44205496,0.7929166666666667,0.44963863,0.7866666666666666,15.474565267562866
0.44205272,0.7929166666666667,0.449638,0.7866666666666666,15.476324796676636
0.44205052,0.7929166666666667,0.4496375,0.7866666666666666,15.478075742721558
0.44204828,0.7929166666666667,0.44963706,0.7866666666666666,15.479896068572998
0.44204617,0.7929166666666667,0.44963637,0.7866666666666666,15.481653451919556
0.44204396,0.7929166666666667,0.44963562,0.7866666666666666,15.483468055725098
0.44204184,0.7929166666666667,0.4496349,0.7866666666666666,15.485213994979858
0.44203964,0.7929166666666667,0.4496341,0.7866666666666666,15.486958980560303
0.44203746,0.7929166666666667,0.44963348,0.7866666666666666,15.488784790039062
0.44203526,0.7929166666666667,0.44963267,0.7866666666666666,15.49059009552002
0.44203314,0.7929166666666667,0.44963175,0.7866666666666666,15.492354393005371
0.44203094,0.7929166666666667,0.4496309,0.7866666666666666,15.494097709655762
0.44202882,0.7929166666666667,0.44962996,0.7866666666666666,15.495861053466797
0.44202662,0.7929166666666667,0.4496293,0.7866666666666666,15.497616052627563
0.4420245,0.7929166666666667,0.4496283,0.7866666666666666,15.499371528625488
0.4420223,0.7929166666666667,0.44962737,0.7866666666666666,15.50113844871521
0.44202012,0.7929166666666667,0.44962648,0.7866666666666666,15.502958536148071
0.44201797,0.7929166666666667,0.4496255,0.7866666666666666,15.504714012145996
0.4420158,0.7929166666666667,0.44962475,0.7866666666666666,15.506532669067383
0.44201365,0.7929166666666667,0.44962376,0.7866666666666666,15.508347034454346
0.44201148,0.7929166666666667,0.4496229,0.7866666666666666,15.510097742080688
0.44200927,0.7929166666666667,0.4496221,0.7866666666666666,15.51193356513977
0.44200718,0.7929166666666667,0.44962123,0.7866666666666666,15.513687372207642
0.44200507,0.7929166666666667,0.44962025,0.7866666666666666,15.515510559082031
0.44200292,0.7929166666666667,0.44961938,0.7866666666666666,15.517276287078857
0.44200078,0.7929166666666667,0.44961873,0.7866666666666666,15.519076347351074
0.44199854,0.7929166666666667,0.4496177,0.7866666666666666,15.52083945274353
0.4419964,0.7929166666666667,0.44961676,0.7866666666666666,15.522589206695557
0.44199422,0.7929166666666667,0.449616,0.7866666666666666,15.524402379989624
0.44199207,0.7929166666666667,0.44961503,0.7866666666666666,15.526155710220337
0.44198996,0.7929166666666667,0.44961417,0.7866666666666666,15.5279061794281
0.4419878,0.7929166666666667,0.44961318,0.7866666666666666,15.529653549194336
0.44198564,0.7929166666666667,0.44961226,0.7866666666666666,15.531400442123413
0.44198358,0.7929166666666667,0.4496113,0.7866666666666666,15.533146381378174
0.44198146,0.7929166666666667,0.44961023,0.7866666666666666,15.534897804260254
0.44197926,0.7929166666666667,0.4496093,0.7866666666666666,15.536656141281128
0.44197717,0.7929166666666667,0.44960827,0.7866666666666666,15.538477182388306
0.44197506,0.7929166666666667,0.4496072,0.7866666666666666,15.540298700332642
0.44197285,0.7929166666666667,0.44960606,0.7866666666666666,15.542051792144775
0.44197074,0.7929166666666667,0.4496051,0.7866666666666666,15.54380202293396
0.4419686,0.7929166666666667,0.4496041,0.7866666666666666,15.545608043670654
0.44196644,0.7929166666666667,0.44960302,0.7866666666666666,15.547414064407349
0.44196436,0.7929166666666667,0.44960204,0.7866666666666666,15.54916000366211
0.44196212,0.7929166666666667,0.44960088,0.7866666666666666,15.550903558731079
0.44196004,0.7930208333333333,0.44959992,0.7866666666666666,15.552655220031738
0.44195792,0.7930208333333333,0.4495988,0.7866666666666666,15.55440378189087
0.44195583,0.7930208333333333,0.44959763,0.7866666666666666,15.556154251098633
0.44195363,0.7930208333333333,0.44959626,0.7866666666666666,15.557965517044067
0.44195154,0.7930208333333333,0.4495951,0.7866666666666666,15.559725999832153
0.4419494,0.7930208333333333,0.44959396,0.7866666666666666,15.561632871627808
0.44194728,0.7930208333333333,0.44959265,0.7866666666666666,15.563462734222412
0.44194514,0.7930208333333333,0.44959152,0.7866666666666666,15.565217971801758
0.441943,0.7930208333333333,0.44959024,0.7866666666666666,15.566975831985474
0.44194096,0.7930208333333333,0.4495892,0.7866666666666666,15.56874942779541
0.4419388,0.7929166666666667,0.44958797,0.7866666666666666,15.57050895690918
0.44193664,0.7929166666666667,0.4495869,0.7866666666666666,15.572372913360596
0.44193456,0.7929166666666667,0.44958568,0.7866666666666666,15.574121475219727
0.4419324,0.7929166666666667,0.44958466,0.7866666666666666,15.575886726379395
0.4419303,0.7929166666666667,0.4495835,0.7866666666666666,15.577636003494263
0.44192815,0.7930208333333333,0.44958243,0.7866666666666666,15.579462766647339
0.44192606,0.7930208333333333,0.4495813,0.7866666666666666,15.581226110458374
0.44192392,0.7930208333333333,0.44958022,0.7866666666666666,15.583012580871582
0.4419218,0.7930208333333333,0.44957906,0.7866666666666666,15.584837198257446
0.44191965,0.7930208333333333,0.44957805,0.7866666666666666,15.586593389511108
0.4419175,0.7930208333333333,0.44957682,0.7866666666666666,15.588352680206299
0.44191542,0.7930208333333333,0.4495759,0.7866666666666666,15.59010362625122
0.4419133,0.7930208333333333,0.44957465,0.7866666666666666,15.591933727264404
0.44191122,0.7930208333333333,0.44957373,0.7866666666666666,15.59374189376831
0.44190907,0.7930208333333333,0.4495725,0.7866666666666666,15.595497608184814
0.44190693,0.7930208333333333,0.4495715,0.7866666666666666,15.597241878509521
0.4419048,0.7930208333333333,0.4495703,0.7866666666666666,15.598994731903076
0.44190273,0.7930208333333333,0.4495694,0.7866666666666666,15.600754976272583
0.44190058,0.7930208333333333,0.44956818,0.7866666666666666,15.602508544921875
0.4418985,0.7930208333333333,0.4495672,0.7866666666666666,15.604274034500122
0.44189635,0.7930208333333333,0.44956604,0.7866666666666666,15.60602617263794
0.44189426,0.7930208333333333,0.44956508,0.7866666666666666,15.607862710952759
0.4418921,0.7930208333333333,0.44956395,0.7866666666666666,15.609622478485107
0.44189006,0.7930208333333333,0.44956303,0.7866666666666666,15.611377954483032
0.44188792,0.7930208333333333,0.44956186,0.7866666666666666,15.613131284713745
0.44188577,0.7930208333333333,0.44956085,0.7866666666666666,15.61487865447998
0.44188365,0.7930208333333333,0.44955984,0.7866666666666666,15.61665415763855
0.44188157,0.7930208333333333,0.44955882,0.7866666666666666,15.618415355682373
0.44187942,0.7930208333333333,0.4495577,0.7866666666666666,15.620178937911987
0.44187734,0.7930208333333333,0.44955674,0.7866666666666666,15.622009754180908
0.4418752,0.7930208333333333,0.4495556,0.7866666666666666,15.623846292495728
0.44187307,0.7930208333333333,0.44955465,0.7866666666666666,15.625669240951538
0.441871,0.7930208333333333,0.4495535,0.7866666666666666,15.627487659454346
0.44186884,0.7930208333333333,0.44955245,0.7866666666666666,15.629256248474121
0.44186667,0.7930208333333333,0.44955134,0.7866666666666666,15.631060361862183
0.44186458,0.7930208333333333,0.44955057,0.7866666666666666,15.632880926132202
0.44186243,0.7930208333333333,0.44954967,0.7866666666666666,15.634632349014282
0.44186035,0.7930208333333333,0.449549,0.7866666666666666,15.636412382125854
0.44185817,0.7930208333333333,0.4495481,0.7866666666666666,15.638231992721558
0.4418561,0.7930208333333333,0.44954723,0.7866666666666666,15.640008449554443
0.44185388,0.7930208333333333,0.44954625,0.7866666666666666,15.641764879226685
0.4418517,0.7930208333333333,0.44954544,0.7866666666666666,15.643527746200562
0.44184962,0.7930208333333333,0.44954443,0.7866666666666666,15.64527940750122
0.44184744,0.7930208333333333,0.44954357,0.7866666666666666,15.647040605545044
0.44184536,0.7930208333333333,0.44954255,0.7866666666666666,15.648810148239136
0.44184315,0.7930208333333333,0.44954184,0.7866666666666666,15.650574684143066
0.44184107,0.7930208333333333,0.44954106,0.7866666666666666,15.652336597442627
0.44183895,0.7930208333333333,0.44954014,0.7866666666666666,15.654108047485352
0.4418368,0.7930208333333333,0.44953927,0.7866666666666666,15.655927896499634
0.44183466,0.7930208333333333,0.44953832,0.7866666666666666,15.657673358917236
0.44183257,0.7930208333333333,0.44953746,0.7866666666666666,15.659440755844116
0.4418304,0.7930208333333333,0.4495365,0.7866666666666666,15.66118836402893
0.4418283,0.7930208333333333,0.44953558,0.7866666666666666,15.662946224212646
0.44182622,0.7930208333333333,0.4495346,0.7866666666666666,15.664777278900146
0.44182405,0.7930208333333333,0.44953373,0.7866666666666666,15.66653299331665
0.44182196,0.7930208333333333,0.4495327,0.7866666666666666,15.66830563545227
0.44181982,0.7930208333333333,0.44953176,0.7866666666666666,15.670060873031616
0.44181764,0.7930208333333333,0.44953078,0.7866666666666666,15.67182445526123
0.44181564,0.7929166666666667,0.44952974,0.7866666666666666,15.673589944839478
0.4418135,0.7929166666666667,0.4495287,0.7866666666666666,15.675388813018799
0.44181138,0.7929166666666667,0.44952768,0.7866666666666666,15.677214622497559
0.44180924,0.7929166666666667,0.44952667,0.7866666666666666,15.67904019355774
0.4418071,0.7929166666666667,0.44952565,0.7866666666666666,15.680810451507568
0.44180506,0.7929166666666667,0.44952464,0.7866666666666666,15.682565450668335
0.4418029,0.7929166666666667,0.44952363,0.7866666666666666,15.684325456619263
0.4418008,0.7929166666666667,0.44952255,0.7866666666666666,15.686092615127563
0.4417986,0.7930208333333333,0.44952154,0.7866666666666666,15.687854051589966
0.44179657,0.7930208333333333,0.44952053,0.7866666666666666,15.689610242843628
0.44179443,0.7929166666666667,0.44951946,0.7866666666666666,15.691442728042603
0.4417923,0.7929166666666667,0.44951844,0.7866666666666666,15.693196773529053
0.44179016,0.7929166666666667,0.4495173,0.7866666666666666,15.694965600967407
0.44178802,0.7929166666666667,0.4495163,0.7866666666666666,15.69672417640686
0.44178593,0.7929166666666667,0.44951522,0.7866666666666666,15.69848084449768
0.44178385,0.7929166666666667,0.44951412,0.7866666666666666,15.700305223464966
0.44178173,0.7929166666666667,0.449513,0.7866666666666666,15.702065229415894
0.44177964,0.7929166666666667,0.4495119,0.7866666666666666,15.703880786895752
0.4417775,0.7929166666666667,0.4495108,0.7866666666666666,15.705642700195312
0.4417754,0.7929166666666667,0.44950962,0.7866666666666666,15.707397699356079
0.44177327,0.7929166666666667,0.44950858,0.7866666666666666,15.709154844284058
0.44177118,0.7929166666666667,0.4495074,0.7866666666666666,15.710907697677612
0.44176906,0.7929166666666667,0.4495063,0.7866666666666666,15.712737798690796
0.44176698,0.7929166666666667,0.4495052,0.7866666666666666,15.714509725570679
0.44176492,0.7929166666666667,0.44950408,0.7866666666666666,15.716273069381714
0.44176275,0.7929166666666667,0.44950292,0.7866666666666666,15.718026399612427
0.44176066,0.7929166666666667,0.4495018,0.7866666666666666,15.719851732254028
0.44175857,0.7929166666666667,0.44950068,0.7866666666666666,15.721658706665039
0.4417565,0.7929166666666667,0.44949958,0.7866666666666666,15.72342824935913
0.44175434,0.7929166666666667,0.44949844,0.7866666666666666,15.725229501724243
0.44175225,0.7929166666666667,0.44949737,0.7866666666666666,15.726987361907959
0.44175017,0.7929166666666667,0.44949627,0.7866666666666666,15.728739738464355
0.44174805,0.7929166666666667,0.44949514,0.7866666666666666,15.730499505996704
0.44174597,0.7929166666666667,0.44949397,0.7866666666666666,15.732256889343262
0.44174388,0.7929166666666667,0.4494928,0.7866666666666666,15.734013080596924
0.4417418,0.7929166666666667,0.4494916,0.7866666666666666,15.735759496688843
0.4417397,0.7929166666666667,0.44949046,0.7866666666666666,15.737521886825562
0.44173762,0.7929166666666667,0.44948933,0.7866666666666666,15.73927617073059
0.44173554,0.7929166666666667,0.44948816,0.7866666666666666,15.741040706634521
0.44173345,0.7929166666666667,0.449487,0.7870833333333334,15.742870807647705
0.44173136,0.7929166666666667,0.44948593,0.7870833333333334,15.7446928024292
0.44172922,0.7929166666666667,0.44948483,0.7870833333333334,15.746451377868652
0.44172713,0.7929166666666667,0.4494837,0.7870833333333334,15.748269319534302
0.4417251,0.7929166666666667,0.44948256,0.7870833333333334,15.750036001205444
0.44172302,0.7929166666666667,0.44948152,0.7870833333333334,15.751796245574951
0.44172093,0.7929166666666667,0.4494803,0.7870833333333334,15.75356149673462
0.44171885,0.7929166666666667,0.44947916,0.7870833333333334,15.75531554222107
0.44171676,0.7929166666666667,0.449478,0.7870833333333334,15.757080316543579
0.44171467,0.7930208333333333,0.44947687,0.7870833333333334,15.75884485244751
0.4417126,0.7930208333333333,0.4494757,0.7870833333333334,15.76067328453064
0.4417105,0.7930208333333333,0.44947463,0.7870833333333334,15.76249098777771
0.44170842,0.7930208333333333,0.44947353,0.7870833333333334,15.764264345169067
0.4417064,0.7930208333333333,0.44947246,0.7870833333333334,15.766073942184448
0.44170424,0.7930208333333333,0.4494713,0.7870833333333334,15.767837047576904
0.44170222,0.7930208333333333,0.44947022,0.7870833333333334,15.769590377807617
0.44170013,0.7930208333333333,0.44946906,0.7870833333333334,15.771350145339966
0.4416981,0.7930208333333333,0.449468,0.7870833333333334,15.77317190170288
0.44169596,0.7930208333333333,0.44946685,0.7870833333333334,15.774945735931396
0.44169393,0.7930208333333333,0.44946578,0.7870833333333334,15.776737928390503
0.44169185,0.7930208333333333,0.44946462,0.7870833333333334,15.778538703918457
0.44168976,0.7930208333333333,0.4494635,0.7870833333333334,15.780332088470459
0.44168767,0.7930208333333333,0.44946238,0.7870833333333334,15.782168865203857
0.44168565,0.7930208333333333,0.44946122,0.7870833333333334,15.783952474594116
0.44168356,0.7930208333333333,0.44946015,0.7870833333333334,15.785821914672852
0.4416815,0.7929166666666667,0.449459,0.7870833333333334,15.787671566009521
0.44167945,0.7929166666666667,0.4494579,0.7870833333333334,15.789446353912354
0.44167736,0.7929166666666667,0.44945684,0.7870833333333334,15.791224002838135
0.4416753,0.7929166666666667,0.44945577,0.7870833333333334,15.793063879013062
0.44167322,0.7929166666666667,0.44945467,0.7870833333333334,15.794828176498413
0.4416712,0.7929166666666667,0.44945353,0.7870833333333334,15.796589851379395
0.4416691,0.7929166666666667,0.44945252,0.7870833333333334,15.798339366912842
0.44166708,0.7928125,0.44945145,0.7870833333333334,15.800169944763184
0.441665,0.7928125,0.44945028,0.7870833333333334,15.801927328109741
0.44166285,0.7929166666666667,0.4494492,0.7870833333333334,15.80369520187378
0.44166088,0.7929166666666667,0.44944808,0.7870833333333334,15.805497884750366
0.4416588,0.7929166666666667,0.44944698,0.7870833333333334,15.807250738143921
0.44165674,0.7929166666666667,0.44944596,0.7870833333333334,15.80901837348938
0.44165462,0.7929166666666667,0.44944483,0.7870833333333334,15.81079888343811
0.44165257,0.7929166666666667,0.44944376,0.7870833333333334,15.81257152557373
0.44165048,0.7929166666666667,0.44944265,0.7870833333333334,15.814341068267822
0.4416485,0.7929166666666667,0.44944167,0.7870833333333334,15.816110372543335
0.44164637,0.7929166666666667,0.44944072,0.7870833333333334,15.817879915237427
0.44164434,0.7929166666666667,0.4494398,0.7870833333333334,15.819668769836426
0.44164225,0.7929166666666667,0.44943884,0.7870833333333334,15.821428298950195
0.44164017,0.7929166666666667,0.44943786,0.7870833333333334,15.823195457458496
0.44163808,0.7929166666666667,0.4494369,0.7870833333333334,15.824957609176636
0.44163606,0.7929166666666667,0.44943592,0.7870833333333334,15.826710939407349
0.441634,0.7929166666666667,0.44943497,0.7870833333333334,15.828548192977905
0.4416319,0.7929166666666667,0.449434,0.7870833333333334,15.830366611480713
0.44162986,0.7929166666666667,0.44943294,0.7870833333333334,15.832136392593384
0.44162777,0.7929166666666667,0.44943196,0.7870833333333334,15.833894729614258
0.44162577,0.7929166666666667,0.44943094,0.7870833333333334,15.835667848587036
0.4416237,0.7929166666666667,0.44943,0.7870833333333334,15.83749532699585
0.4416216,0.7929166666666667,0.44942892,0.7870833333333334,15.83925747871399
0.44161958,0.7929166666666667,0.4494279,0.7870833333333334,15.841086864471436
0.4416175,0.7929166666666667,0.44942683,0.7870833333333334,15.842855453491211
0.44161546,0.7929166666666667,0.44942582,0.7870833333333334,15.844623565673828
0.44161338,0.7929166666666667,0.44942474,0.7870833333333334,15.84644079208374
0.44161132,0.7929166666666667,0.44942373,0.7870833333333334,15.848207950592041
0.4416093,0.7929166666666667,0.44942266,0.7870833333333334,15.849964141845703
0.4416072,0.7929166666666667,0.44942158,0.7870833333333334,15.85172438621521
0.4416052,0.7929166666666667,0.44942057,0.7870833333333334,15.853541374206543
0.44160315,0.7929166666666667,0.44941956,0.7870833333333334,15.855300903320312
0.4416011,0.7929166666666667,0.44941843,0.7870833333333334,15.85706615447998
0.44159907,0.7929166666666667,0.44941738,0.7870833333333334,15.858876943588257
0.44159698,0.7929166666666667,0.4494163,0.7870833333333334,15.860647678375244
0.44159496,0.7929166666666667,0.44941518,0.7870833333333334,15.862460613250732
0.4415929,0.7929166666666667,0.44941422,0.7870833333333334,15.864234209060669
0.44159082,0.7929166666666667,0.4494132,0.7870833333333334,15.865997791290283
0.4415888,0.7929166666666667,0.44941187,0.7870833333333334,15.867767095565796
0.44158676,0.7929166666666667,0.44941077,0.7870833333333334,15.869522094726562
0.44158468,0.7929166666666667,0.44940954,0.7870833333333334,15.871330976486206
0.44158265,0.7929166666666667,0.44940832,0.7870833333333334,15.873085260391235
0.4415806,0.7929166666666667,0.4494072,0.7870833333333334,15.87485408782959
0.44157863,0.7929166666666667,0.44940597,0.7870833333333334,15.876617431640625
0.4415766,0.7929166666666667,0.4494048,0.7870833333333334,15.878385305404663
0.4415745,0.7929166666666667,0.44940364,0.7870833333333334,15.880153179168701
0.44157252,0.7929166666666667,0.44940242,0.7870833333333334,15.881972789764404
0.4415705,0.7929166666666667,0.4494013,0.7870833333333334,15.88373875617981
0.44156846,0.7929166666666667,0.4494002,0.7870833333333334,15.885492086410522
0.4415664,0.7929166666666667,0.449399,0.7870833333333334,15.88731598854065
0.44156438,0.793125,0.44939783,0.7870833333333334,15.889090299606323
0.44156238,0.7930208333333333,0.44939673,0.7870833333333334,15.890913724899292
0.4415603,0.7930208333333333,0.44939566,0.7870833333333334,15.89268970489502
0.44155827,0.7930208333333333,0.44939458,0.7870833333333334,15.894452333450317
0.44155625,0.7929166666666667,0.44939342,0.7870833333333334,15.896222591400146
0.44155422,0.7929166666666667,0.4493923,0.7870833333333334,15.897979259490967
0.44155222,0.7929166666666667,0.4493912,0.7870833333333334,15.899747133255005
0.4415502,0.7929166666666667,0.44939005,0.7870833333333334,15.901503086090088
0.4415482,0.7929166666666667,0.44938895,0.7870833333333334,15.903312683105469
0.44154617,0.7929166666666667,0.44938782,0.7870833333333334,15.90514087677002
0.4415441,0.7929166666666667,0.4493867,0.7870833333333334,15.90689992904663
0.44154212,0.7929166666666667,0.44938564,0.7870833333333334,15.908661127090454
0.44154006,0.7929166666666667,0.4493845,0.7870833333333334,15.910418272018433
0.44153804,0.7929166666666667,0.4493835,0.7870833333333334,15.91218113899231
0.44153604,0.7929166666666667,0.44938242,0.7870833333333334,15.913941621780396
0.441534,0.7929166666666667,0.44938135,0.7870833333333334,15.915710210800171
0.441532,0.7929166666666667,0.44938028,0.7870833333333334,15.91746973991394
0.4415299,0.7929166666666667,0.44937924,0.7870833333333334,15.919228315353394
0.44152796,0.7929166666666667,0.44937816,0.7870833333333334,15.920995950698853
0.44152594,0.7929166666666667,0.44937715,0.7870833333333334,15.922811508178711
0.44152394,0.7929166666666667,0.44937587,0.7870833333333334,15.924581289291382
0.4415219,0.7929166666666667,0.44937456,0.7870833333333334,15.926337242126465
0.44151992,0.7929166666666667,0.44937336,0.7870833333333334,15.928098440170288
0.44151795,0.7929166666666667,0.44937214,0.7870833333333334,15.929848194122314
0.44151586,0.7929166666666667,0.44937092,0.7870833333333334,15.931626558303833
0.44151387,0.7929166666666667,0.4493697,0.7870833333333334,15.933452606201172
0.44151184,0.7929166666666667,0.44936866,0.7870833333333334,15.935215711593628
0.44150984,0.7929166666666667,0.44936743,0.7870833333333334,15.937055826187134
0.44150788,0.7929166666666667,0.4493662,0.7870833333333334,15.938883781433105
0.44150585,0.7929166666666667,0.44936514,0.7870833333333334,15.94070315361023
0.44150385,0.7929166666666667,0.44936398,0.7870833333333334,15.94253396987915
0.4415019,0.7929166666666667,0.44936278,0.7870833333333334,15.944299697875977
0.44149983,0.7929166666666667,0.4493617,0.7870833333333334,15.946120500564575
0.4414978,0.7929166666666667,0.4493606,0.7870833333333334,15.94788384437561
0.4414958,0.7929166666666667,0.44935954,0.7870833333333334,15.949644565582275
0.44149378,0.7929166666666667,0.44935843,0.7870833333333334,15.951466083526611
0.4414918,0.7930208333333333,0.4493573,0.7870833333333334,15.95327615737915
0.44148976,0.7930208333333333,0.44935623,0.7870833333333334,15.955034255981445
0.4414878,0.7930208333333333,0.44935516,0.7870833333333334,15.956794500350952
0.44148576,0.7930208333333333,0.44935408,0.7870833333333334,15.958597421646118
0.44148377,0.7930208333333333,0.4493527,0.7870833333333334,15.960421323776245
0.44148174,0.7930208333333333,0.44935146,0.7870833333333334,15.962215900421143
0.44147974,0.7930208333333333,0.4493501,0.7870833333333334,15.963974714279175
0.44147766,0.7930208333333333,0.44934875,0.7870833333333334,15.965730905532837
0.4414757,0.7930208333333333,0.44934753,0.7870833333333334,15.967491865158081
0.44147363,0.7930208333333333,0.4493463,0.7870833333333334,15.969250202178955
0.4414716,0.7930208333333333,0.44934514,0.7870833333333334,15.971013307571411
0.44146964,0.7930208333333333,0.44934392,0.7870833333333334,15.972776889801025
0.44146755,0.7930208333333333,0.44934282,0.7870833333333334,15.974554538726807
0.44146556,0.7930208333333333,0.44934168,0.7870833333333334,15.97638726234436
0.44146362,0.7930208333333333,0.44934055,0.7870833333333334,15.97820782661438
0.44146153,0.7930208333333333,0.4493394,0.7870833333333334,15.979970932006836
0.44145957,0.7930208333333333,0.44933844,0.7870833333333334,15.98172402381897
0.4414575,0.7930208333333333,0.4493373,0.7870833333333334,15.983494997024536
0.44145554,0.7930208333333333,0.4493362,0.7870833333333334,15.985252141952515
0.44145355,0.7930208333333333,0.4493352,0.7870833333333334,15.987221717834473
0.44145152,0.7929166666666667,0.44933414,0.7870833333333334,15.989001750946045
0.4414495,0.7929166666666667,0.44933304,0.7870833333333334,15.990820407867432
0.4414475,0.7929166666666667,0.44933197,0.7870833333333334,15.9926598072052
0.44144547,0.7929166666666667,0.44933096,0.7870833333333334,15.99443244934082
0.44144347,0.7929166666666667,0.44932988,0.7870833333333334,15.99622392654419
0.44144145,0.7929166666666667,0.44932893,0.7870833333333334,15.998035669326782
0.44143942,0.7929166666666667,0.44932792,0.7870833333333334,15.999804973602295
0.44143742,0.7930208333333333,0.44932687,0.7870833333333334,16.0015652179718
0.44143546,0.7930208333333333,0.44932586,0.7870833333333334,16.003340244293213
0.44143346,0.7930208333333333,0.44932485,0.7870833333333334,16.005101680755615
0.44143137,0.7930208333333333,0.44932392,0.7870833333333334,16.00686812400818
0.4414294,0.7930208333333333,0.4493229,0.7870833333333334,16.008639574050903
0.4414274,0.7930208333333333,0.44932202,0.7870833333333334,16.01039981842041
0.44142538,0.7930208333333333,0.44932097,0.7870833333333334,16.012173414230347
0.4414234,0.7930208333333333,0.44932002,0.7870833333333334,16.01393485069275
0.44142142,0.7930208333333333,0.4493191,0.7870833333333334,16.015697956085205
0.44141942,0.7930208333333333,0.44931808,0.7870833333333334,16.017479419708252
0.44141734,0.7930208333333333,0.44931707,0.7870833333333334,16.01922631263733
0.4414154,0.7930208333333333,0.4493161,0.7870833333333334,16.021047592163086
0.44141343,0.7930208333333333,0.44931507,0.7870833333333334,16.022794008255005
0.44141138,0.7930208333333333,0.44931412,0.7870833333333334,16.02462601661682
0.44140935,0.7930208333333333,0.44931316,0.7870833333333334,16.026394367218018
0.44140747,0.7930208333333333,0.44931218,0.7870833333333334,16.028159618377686
0.44140545,0.7930208333333333,0.44931117,0.7870833333333334,16.02997350692749
0.4414035,0.7930208333333333,0.4493102,0.7870833333333334,16.031808614730835
0.44140148,0.7930208333333333,0.44930923,0.7870833333333334,16.0336172580719
0.44139954,0.7930208333333333,0.44930822,0.7870833333333334,16.035440921783447
0.4413975,0.7930208333333333,0.4493073,0.7870833333333334,16.03719735145569
0.44139546,0.7930208333333333,0.44930634,0.7870833333333334,16.03900909423828
0.44139352,0.7930208333333333,0.44930536,0.7870833333333334,16.04078483581543
0.44139156,0.7930208333333333,0.4493045,0.7870833333333334,16.042540073394775
0.44138953,0.7930208333333333,0.4493037,0.7870833333333334,16.044307231903076
0.44138753,0.7930208333333333,0.44930294,0.7870833333333334,16.04606819152832
0.4413855,0.7930208333333333,0.4493021,0.7870833333333334,16.04783344268799
0.44138357,0.7930208333333333,0.44930103,0.7870833333333334,16.049590826034546
0.44138154,0.7930208333333333,0.44930017,0.7870833333333334,16.051357984542847
0.4413795,0.7930208333333333,0.44929928,0.7870833333333334,16.05312466621399
0.44137755,0.7930208333333333,0.4492985,0.7870833333333334,16.05487632751465
0.44137552,0.7930208333333333,0.44929755,0.7870833333333334,16.05663514137268
0.44137356,0.7930208333333333,0.44929683,0.7870833333333334,16.05839705467224
0.44137156,0.7930208333333333,0.44929606,0.7870833333333334,16.060163974761963
0.44136956,0.7928125,0.44929513,0.7870833333333334,16.061914682388306
0.44136754,0.7928125,0.44929433,0.7870833333333334,16.06367516517639
0.4413656,0.7927083333333333,0.4492934,0.7870833333333334,16.065441608428955
0.44136357,0.7927083333333333,0.4492926,0.7870833333333334,16.067201614379883
0.44136155,0.7927083333333333,0.44929165,0.7870833333333334,16.06896734237671
0.44135955,0.7927083333333333,0.4492908,0.7870833333333334,16.07071828842163
0.4413576,0.7927083333333333,0.44928995,0.7870833333333334,16.072546243667603
0.4413556,0.7927083333333333,0.44928893,0.7870833333333334,16.07438063621521
0.44135362,0.7927083333333333,0.4492882,0.7870833333333334,16.076210737228394
0.44135156,0.7927083333333333,0.44928712,0.7870833333333334,16.078023195266724
0.44134963,0.7927083333333333,0.44928625,0.7870833333333334,16.07983660697937
0.44134766,0.7927083333333333,0.44928524,0.7870833333333334,16.081650495529175
0.44134566,0.7927083333333333,0.4492844,0.7870833333333334,16.083417892456055
0.44134364,0.7927083333333333,0.44928333,0.7870833333333334,16.085237503051758
0.44134167,0.7927083333333333,0.44928294,0.7870833333333334,16.086994647979736
0.44133967,0.7927083333333333,0.44928247,0.7870833333333334,16.088818788528442
0.44133765,0.7927083333333333,0.44928187,0.7870833333333334,16.090635299682617
0.4413356,0.7927083333333333,0.44928125,0.7870833333333334,16.092450380325317
0.44133362,0.7927083333333333,0.4492807,0.7870833333333334,16.09427285194397
0.44133162,0.7927083333333333,0.44928008,0.7870833333333334,16.09612512588501
0.4413296,0.7927083333333333,0.44927937,0.7870833333333334,16.09790349006653
0.4413276,0.7927083333333333,0.44927856,0.7870833333333334,16.099691152572632
0.44132558,0.7927083333333333,0.44927776,0.7870833333333334,16.10151219367981
0.44132364,0.7927083333333333,0.44927692,0.7870833333333334,16.10327124595642
0.44132155,0.7927083333333333,0.44927627,0.7870833333333334,16.105026721954346
0.44131964,0.7927083333333333,0.44927546,0.7870833333333334,16.106776475906372
0.44131765,0.7927083333333333,0.4492745,0.7870833333333334,16.108594179153442
0.44131556,0.7927083333333333,0.44927362,0.7870833333333334,16.11041259765625
0.44131362,0.7927083333333333,0.44927287,0.7870833333333334,16.112226963043213
0.4413117,0.7927083333333333,0.4492719,0.7870833333333334,16.11398673057556
0.44130966,0.7927083333333333,0.44927093,0.7870833333333334,16.115798473358154
0.44130763,0.7927083333333333,0.44927,0.7870833333333334,16.117562532424927
0.44130564,0.7927083333333333,0.44926912,0.7870833333333334,16.119308948516846
0.4413037,0.7927083333333333,0.44926828,0.7870833333333334,16.121068716049194
0.4413016,0.7927083333333333,0.44926727,0.7870833333333334,16.12283205986023
0.4412997,0.7927083333333333,0.4492663,0.7870833333333334,16.124611854553223
0.44129765,0.7927083333333333,0.44926524,0.7870833333333334,16.126378059387207
0.4412957,0.7927083333333333,0.44926432,0.7870833333333334,16.12820839881897
0.4412937,0.7926041666666667,0.44926336,0.7870833333333334,16.1300368309021
0.44129172,0.7926041666666667,0.44926235,0.7870833333333334,16.13180661201477
0.44128978,0.7926041666666667,0.44926152,0.7870833333333334,16.133556365966797
0.44128773,0.7926041666666667,0.44926086,0.7870833333333334,16.135374546051025
0.4412857,0.7926041666666667,0.44926,0.7870833333333334,16.137123584747314
0.44128373,0.7926041666666667,0.4492592,0.7870833333333334,16.13889217376709
0.44128174,0.7926041666666667,0.44925833,0.7870833333333334,16.14065718650818
0.4412797,0.7926041666666667,0.44925755,0.7870833333333334,16.142409086227417
0.4412777,0.7926041666666667,0.44925663,0.7870833333333334,16.14416193962097
0.44127575,0.7926041666666667,0.44925576,0.7866666666666666,16.145984888076782
0.44127375,0.7926041666666667,0.44925496,0.7866666666666666,16.147799015045166
0.44127172,0.7926041666666667,0.44925404,0.7866666666666666,16.149555206298828
0.44126973,0.7927083333333333,0.44925314,0.7866666666666666,16.151312351226807
0.4412677,0.7927083333333333,0.44925216,0.78625,16.15307855606079
0.4412657,0.7927083333333333,0.44925135,0.78625,16.154844522476196
0.4412638,0.7927083333333333,0.44925034,0.78625,16.15666437149048
0.44126174,0.7927083333333333,0.44924936,0.78625,16.15841555595398
0.44125977,0.7927083333333333,0.44924834,0.78625,16.160248517990112
0.44125777,0.7927083333333333,0.4492476,0.78625,16.162009954452515
0.4412558,0.7927083333333333,0.4492466,0.78625,16.16382884979248
0.44125372,0.7927083333333333,0.44924554,0.78625,16.165585041046143
0.44125172,0.7927083333333333,0.44924465,0.78625,16.16735053062439
0.4412498,0.7927083333333333,0.44924378,0.78625,16.16917872428894
0.44124782,0.7927083333333333,0.44924277,0.78625,16.17094111442566
0.44124576,0.7927083333333333,0.44924173,0.78625,16.172700881958008
0.4412438,0.7927083333333333,0.4492407,0.78625,16.174455404281616
0.44124177,0.7927083333333333,0.4492399,0.78625,16.176236629486084
0.44123977,0.7927083333333333,0.44923896,0.78625,16.1780002117157
0.4412378,0.7927083333333333,0.44923788,0.78625,16.179770469665527
0.44123587,0.7927083333333333,0.44923717,0.78625,16.181523323059082
0.44123372,0.7927083333333333,0.44923654,0.78625,16.183276414871216
0.4412318,0.7929166666666667,0.44923574,0.78625,16.18504238128662
0.44122982,0.7929166666666667,0.44923487,0.78625,16.186861753463745
0.44122776,0.7930208333333333,0.449234,0.78625,16.188615560531616
0.44122568,0.7930208333333333,0.44923335,0.78625,16.190433502197266
0.44122365,0.7930208333333333,0.4492325,0.78625,16.192198753356934
0.44122168,0.7930208333333333,0.44923162,0.78625,16.193957805633545
0.44121963,0.7930208333333333,0.4492307,0.78625,16.19571042060852
0.44121766,0.7930208333333333,0.44922993,0.78625,16.197484493255615
0.44121566,0.7930208333333333,0.44922906,0.78625,16.199241876602173
0.44121364,0.7930208333333333,0.4492281,0.78625,16.201090097427368
0.44121164,0.7930208333333333,0.4492273,0.78625,16.202922105789185
0.4412096,0.7930208333333333,0.44922647,0.78625,16.20474863052368
0.4412076,0.7930208333333333,0.44922546,0.78625,16.206509828567505
0.4412056,0.7930208333333333,0.44922456,0.78625,16.20833110809326
0.44120356,0.7930208333333333,0.449224,0.78625,16.210137128829956
0.44120154,0.7930208333333333,0.44922334,0.78625,16.2119619846344
0.44119948,0.7930208333333333,0.44922256,0.78625,16.2137234210968
0.44119745,0.7930208333333333,0.4492219,0.78625,16.21549892425537
0.44119543,0.7930208333333333,0.44922125,0.78625,16.217316150665283
0.4411934,0.793125,0.4492204,0.78625,16.219091653823853
0.44119135,0.793125,0.4492194,0.78625,16.220911979675293
0.44118932,0.793125,0.44921854,0.78625,16.222676038742065
0.4411873,0.793125,0.44921768,0.78625,16.224499464035034
0.44118527,0.793125,0.44921675,0.78625,16.22625732421875
0.44118327,0.793125,0.4492157,0.78625,16.22802710533142
0.44118124,0.793125,0.4492148,0.78625,16.229845762252808
0.4411792,0.793125,0.44921392,0.78625,16.23166823387146
0.44117716,0.793125,0.44921294,0.78625,16.23342251777649
0.44117513,0.793125,0.44921184,0.78625,16.235181093215942
0.44117314,0.793125,0.4492109,0.78625,16.236993551254272
0.4411711,0.793125,0.44920996,0.78625,16.238759517669678
0.44116908,0.793125,0.44920903,0.78625,16.2405207157135
0.441167,0.793125,0.44920802,0.78625,16.242326974868774
0.441165,0.7930208333333333,0.44920704,0.78625,16.244141101837158
0.44116297,0.7930208333333333,0.44920608,0.78625,16.24596381187439
0.44116098,0.7930208333333333,0.44920516,0.78625,16.247745990753174
0.44115895,0.7930208333333333,0.44920415,0.78625,16.24954843521118
0.44115692,0.7930208333333333,0.44920322,0.78625,16.25130343437195
0.44115493,0.7930208333333333,0.44920233,0.78625,16.25313138961792
0.4411529,0.7930208333333333,0.44920135,0.78625,16.25489377975464
0.44115087,0.7930208333333333,0.44920027,0.78625,16.256652116775513
0.44114885,0.7929166666666667,0.4491994,0.78625,16.2584547996521
0.4411468,0.7929166666666667,0.4491985,0.78625,16.260205268859863
0.44114482,0.7929166666666667,0.44919744,0.78625,16.262011528015137
0.44114277,0.7929166666666667,0.44919658,0.78625,16.263835191726685
0.44114074,0.7929166666666667,0.44919565,0.78625,16.26559042930603
0.44113877,0.7929166666666667,0.44919473,0.78625,16.267395734786987
0.4411367,0.7929166666666667,0.44919357,0.78625,16.269160509109497
0.4411347,0.7929166666666667,0.4491925,0.78625,16.270910024642944
0.44113266,0.7929166666666667,0.44919154,0.78625,16.27267336845398
0.44113058,0.7929166666666667,0.44919053,0.78625,16.274446487426758
0.44112858,0.7929166666666667,0.4491895,0.78625,16.276200771331787
0.4411266,0.7928125,0.4491885,0.78625,16.277956008911133
0.44112453,0.7928125,0.4491873,0.7866666666666666,16.279799222946167
0.4411225,0.7928125,0.44918635,0.7866666666666666,16.281622886657715
0.44112045,0.7928125,0.44918537,0.7866666666666666,16.283447265625
0.44111842,0.7928125,0.44918442,0.7866666666666666,16.2852623462677
0.4411164,0.7928125,0.4491834,0.7866666666666666,16.287025451660156
0.44111434,0.7928125,0.44918233,0.7866666666666666,16.288790702819824
0.44111237,0.7928125,0.44918138,0.7866666666666666,16.290550231933594
0.44111028,0.7928125,0.44918033,0.7866666666666666,16.29237151145935
0.44110835,0.7928125,0.44917938,0.7866666666666666,16.29417896270752
0.44110626,0.7928125,0.44917843,0.7866666666666666,16.2959988117218
0.44110423,0.7928125,0.4491773,0.78625,16.297752618789673
0.44110224,0.7928125,0.44917628,0.78625,16.299577236175537
0.4411002,0.7928125,0.44917527,0.78625,16.30134916305542
0.4410982,0.7928125,0.44917428,0.78625,16.303126573562622
0.4410962,0.7928125,0.44917312,0.78625,16.304898262023926
0.44109416,0.7928125,0.44917217,0.78625,16.306676864624023
0.44109213,0.7928125,0.44917116,0.78625,16.308592081069946
0.44109008,0.7928125,0.4491701,0.78625,16.310367822647095
0.4410881,0.7928125,0.44916916,0.78625,16.312148094177246
0.44108608,0.7928125,0.449168,0.78625,16.313990592956543
0.4410841,0.7928125,0.44916728,0.78625,16.3158278465271
0.44108206,0.7928125,0.44916657,0.78625,16.317610263824463
0.44107997,0.7927083333333333,0.44916564,0.78625,16.319383144378662
0.44107792,0.7927083333333333,0.44916457,0.78625,16.321152687072754
0.4410759,0.7928125,0.44916362,0.78625,16.32290291786194
0.4410738,0.7928125,0.44916266,0.78625,16.324660301208496
0.44107178,0.7928125,0.44916174,0.78625,16.326476097106934
0.4410697,0.7928125,0.4491608,0.78625,16.32824206352234
0.4410677,0.7928125,0.44915986,0.78625,16.330060482025146
0.4410656,0.7927083333333333,0.44915894,0.78625,16.331830739974976
0.44106358,0.7927083333333333,0.44915792,0.78625,16.333590984344482
0.4410615,0.7927083333333333,0.44915706,0.78625,16.335344076156616
0.44105947,0.7927083333333333,0.44915608,0.78625,16.337103843688965
0.44105744,0.7927083333333333,0.44915512,0.78625,16.338926792144775
0.4410554,0.7927083333333333,0.4491542,0.78625,16.340678453445435
0.4410533,0.7927083333333333,0.44915324,0.78625,16.34243154525757
0.44105127,0.7927083333333333,0.44915238,0.78625,16.34419822692871
0.4410492,0.7927083333333333,0.4491514,0.78625,16.346030235290527
0.44104722,0.7927083333333333,0.44915044,0.78625,16.34786081314087
0.44104517,0.7927083333333333,0.4491495,0.78625,16.349635124206543
0.44104314,0.7927083333333333,0.44914845,0.78625,16.35138726234436
0.44104105,0.7927083333333333,0.44914755,0.78625,16.353153467178345
0.44103903,0.7927083333333333,0.44914663,0.78625,16.35496187210083
0.441037,0.7927083333333333,0.44914567,0.78625,16.35672950744629
0.4410349,0.7927083333333333,0.4491447,0.78625,16.35853886604309
0.44103292,0.7927083333333333,0.44914377,0.78625,16.360309600830078
0.44103083,0.7927083333333333,0.4491428,0.78625,16.36205816268921
0.4410288,0.7927083333333333,0.44914186,0.78625,16.363823652267456
0.44102678,0.7927083333333333,0.44914094,0.78625,16.365580320358276
0.4410247,0.7927083333333333,0.44913995,0.78625,16.367336750030518
0.44102263,0.7927083333333333,0.449139,0.78625,16.369098901748657
0.4410206,0.7927083333333333,0.44913805,0.78625,16.370861530303955
0.44101858,0.7927083333333333,0.44913706,0.78625,16.372615814208984
0.44101655,0.7927083333333333,0.4491361,0.78625,16.374381065368652
0.4410145,0.7927083333333333,0.4491351,0.78625,16.376142263412476
0.44101247,0.7927083333333333,0.44913417,0.78625,16.377902507781982
0.4410104,0.7927083333333333,0.4491332,0.78625,16.379671335220337
0.44100836,0.7927083333333333,0.44913223,0.78625,16.381503105163574
0.4410063,0.7927083333333333,0.44913122,0.78625,16.383246421813965
0.44100428,0.7927083333333333,0.4491303,0.78625,16.385069131851196
0.4410023,0.7927083333333333,0.44912928,0.78625,16.386887550354004
0.44100022,0.7927083333333333,0.44912833,0.78625,16.3886456489563
0.44099817,0.7927083333333333,0.4491273,0.78625,16.39039182662964
0.4409962,0.7927083333333333,0.4491264,0.78625,16.39216685295105
0.44099417,0.7927083333333333,0.4491254,0.78625,16.393917560577393
0.44099212,0.7927083333333333,0.4491244,0.78625,16.395684957504272
0.4409901,0.7927083333333333,0.44912344,0.78625,16.39744806289673
0.440988,0.7927083333333333,0.44912252,0.78625,16.39927387237549
0.44098604,0.7927083333333333,0.44912156,0.78625,16.401048183441162
0.44098398,0.7927083333333333,0.4491207,0.78625,16.40288496017456
0.44098195,0.7927083333333333,0.44911984,0.78625,16.404657125473022
0.44097996,0.7927083333333333,0.44911897,0.78625,16.406482219696045
0.44097793,0.7927083333333333,0.449118,0.78625,16.408299207687378
0.44097596,0.7927083333333333,0.44911698,0.78625,16.410057544708252
0.4409739,0.7928125,0.4491158,0.78625,16.41182518005371
0.44097188,0.7928125,0.4491146,0.78625,16.41359233856201
0.4409699,0.7928125,0.4491134,0.78625,16.415345191955566
0.44096792,0.7928125,0.4491123,0.78625,16.417104721069336
0.4409659,0.7928125,0.44911113,0.78625,16.418919801712036
0.4409639,0.7928125,0.44911006,0.78625,16.420679092407227
0.44096187,0.7928125,0.4491089,0.78625,16.422430753707886
0.44095993,0.7928125,0.44910783,0.78625,16.42419457435608
0.4409579,0.7928125,0.44910666,0.78625,16.426019191741943
0.4409559,0.7928125,0.4491056,0.78625,16.427775621414185
0.44095394,0.7928125,0.4491044,0.78625,16.429594039916992
0.44095188,0.7928125,0.44910318,0.78625,16.431401252746582
0.44094992,0.7928125,0.449102,0.78625,16.433155298233032
0.44094792,0.7928125,0.4491011,0.78625,16.43491291999817
0.44094595,0.7928125,0.4491002,0.78625,16.436727046966553
0.44094396,0.7928125,0.44909927,0.78625,16.43849205970764
0.44094193,0.7928125,0.44909847,0.78625,16.44024419784546
0.44093993,0.7928125,0.4490976,0.78625,16.442005157470703
0.4409379,0.7928125,0.44909674,0.78625,16.44377088546753
0.4409359,0.7928125,0.4490959,0.78625,16.445526599884033
0.44093388,0.7928125,0.449095,0.78625,16.447336673736572
0.44093195,0.7928125,0.4490941,0.78625,16.44916844367981
0.44092986,0.7928125,0.44909316,0.78625,16.450990200042725
0.4409279,0.7928125,0.44909227,0.78625,16.452765703201294
0.4409259,0.7928125,0.4490914,0.78625,16.454524040222168
0.44092393,0.7928125,0.44909036,0.78625,16.456283569335938
0.44092193,0.7928125,0.4490895,0.78625,16.458038091659546
0.44091997,0.7928125,0.44908848,0.78625,16.459809064865112
0.44091797,0.7928125,0.44908747,0.78625,16.46156907081604
0.44091594,0.7928125,0.4490867,0.78625,16.46339225769043
0.44091395,0.7928125,0.44908583,0.78625,16.46521306037903
0.44091198,0.7928125,0.44908497,0.78625,16.467032432556152
0.44090992,0.7928125,0.44908416,0.78625,16.468855142593384
0.44090798,0.7928125,0.4490833,0.78625,16.47060227394104
0.44090596,0.7928125,0.44908237,0.78625,16.47236704826355
0.440904,0.7928125,0.44908148,0.78625,16.474188327789307
0.44090194,0.7928125,0.44908062,0.78625,16.475955963134766
0.44089997,0.7928125,0.44907963,0.78625,16.477713346481323
0.44089794,0.7928125,0.44907877,0.78625,16.479527235031128
0.44089594,0.7928125,0.44907787,0.78625,16.48134732246399
0.440894,0.7928125,0.44907683,0.78625,16.483160734176636
0.44089192,0.7928125,0.44907588,0.78625,16.484923839569092
0.44088998,0.7928125,0.44907495,0.78625,16.486729860305786
0.44088796,0.7928125,0.449074,0.78625,16.488502979278564
0.44088593,0.7928125,0.44907308,0.78625,16.490267038345337
0.44088393,0.7928125,0.44907212,0.78625,16.492088794708252
0.44088197,0.7928125,0.44907114,0.78625,16.493902683258057
0.4408799,0.7928125,0.4490702,0.78625,16.49567413330078
0.44087794,0.7928125,0.44906917,0.78625,16.49749183654785
0.44087595,0.7928125,0.44906816,0.78625,16.499253034591675
0.44087398,0.7928125,0.44906718,0.78625,16.501026391983032
0.44087198,0.7928125,0.44906622,0.78625,16.502844095230103
0.44086996,0.7928125,0.44906515,0.78625,16.50460934638977
0.44086796,0.7928125,0.44906422,0.78625,16.506370306015015
0.440866,0.7928125,0.44906312,0.78625,16.508121252059937
0.440864,0.7928125,0.44906208,0.78625,16.509881496429443
0.44086197,0.7928125,0.44906113,0.7866666666666666,16.51164197921753
0.44085997,0.7928125,0.44906017,0.7866666666666666,16.513394594192505
0.440858,0.7928125,0.44905913,0.7866666666666666,16.51515221595764
0.44085598,0.7928125,0.44905812,0.7866666666666666,16.516907453536987
0.44085404,0.7928125,0.44905707,0.7866666666666666,16.518660306930542
0.44085205,0.7928125,0.4490561,0.7866666666666666,16.52049970626831
0.44085008,0.7928125,0.44905502,0.7866666666666666,16.522326707839966
0.44084808,0.7928125,0.449054,0.7866666666666666,16.524144411087036
0.4408461,0.7928125,0.449053,0.7866666666666666,16.525895833969116
0.44084412,0.7928125,0.44905192,0.7866666666666666,16.527729749679565
0.44084212,0.7928125,0.4490509,0.7866666666666666,16.529483556747437
0.44084015,0.7928125,0.44904983,0.7866666666666666,16.531249523162842
0.44083816,0.7928125,0.44904903,0.7866666666666666,16.533073663711548
0.44083613,0.7928125,0.4490483,0.7866666666666666,16.53483295440674
0.44083413,0.7928125,0.44904745,0.7866666666666666,16.536593198776245
0.4408321,0.7928125,0.44904664,0.7866666666666666,16.538349866867065
0.44083014,0.7928125,0.44904572,0.7866666666666666,16.540111303329468
0.44082814,0.7928125,0.44904485,0.7866666666666666,16.54186773300171
0.44082612,0.7928125,0.44904393,0.7866666666666666,16.54369068145752
0.44082406,0.7928125,0.449043,0.7866666666666666,16.545502424240112
0.44082215,0.7928125,0.44904214,0.7866666666666666,16.547259092330933
0.44082016,0.7928125,0.4490412,0.7866666666666666,16.549093008041382
0.44081813,0.7928125,0.44904017,0.7866666666666666,16.55083656311035
0.4408162,0.7928125,0.44903925,0.7866666666666666,16.55260396003723
0.4408142,0.7928125,0.44903824,0.7866666666666666,16.554356813430786
0.44081217,0.7929166666666667,0.44903728,0.7866666666666666,16.556113958358765
0.4408102,0.7929166666666667,0.44903636,0.7866666666666666,16.55787444114685
0.4408082,0.7929166666666667,0.44903538,0.7866666666666666,16.5596342086792
0.4408062,0.7929166666666667,0.44903442,0.7866666666666666,16.56144642829895
0.44080424,0.7929166666666667,0.44903347,0.7866666666666666,16.56326723098755
0.44080222,0.7929166666666667,0.4490325,0.7866666666666666,16.565026998519897
0.44080028,0.7929166666666667,0.44903153,0.7866666666666666,16.566840410232544
0.44079828,0.7929166666666667,0.44903055,0.7866666666666666,16.568603515625
0.44079632,0.7929166666666667,0.4490296,0.7866666666666666,16.570373058319092
0.44079432,0.7929166666666667,0.4490286,0.7866666666666666,16.57219958305359
0.44079235,0.7929166666666667,0.4490276,0.7866666666666666,16.573952436447144
0.44079036,0.7929166666666667,0.44902664,0.7866666666666666,16.575771808624268
0.44078836,0.7929166666666667,0.44902572,0.7866666666666666,16.577589988708496
0.4407864,0.7929166666666667,0.4490245,0.7866666666666666,16.57933735847473
0.4407844,0.7929166666666667,0.44902334,0.7866666666666666,16.581162452697754
0.44078243,0.7929166666666667,0.4490221,0.7866666666666666,16.582970142364502
0.4407805,0.7929166666666667,0.44902098,0.7866666666666666,16.584737539291382
0.44077855,0.7929166666666667,0.4490198,0.7866666666666666,16.586549758911133
0.44077653,0.7929166666666667,0.44901866,0.7870833333333334,16.588309049606323
0.44077453,0.7929166666666667,0.44901752,0.7870833333333334,16.590057849884033
0.4407726,0.7929166666666667,0.44901642,0.7870833333333334,16.591829299926758
0.44077063,0.7929166666666667,0.4490153,0.7870833333333334,16.593584537506104
0.44076863,0.7929166666666667,0.44901422,0.7870833333333334,16.59752106666565
0.44076666,0.7929166666666667,0.44901317,0.7870833333333334,16.599276542663574
0.44076473,0.7929166666666667,0.4490121,0.7870833333333334,16.601107597351074
0.44076273,0.7929166666666667,0.44901103,0.7870833333333334,16.602874994277954
0.4407608,0.7929166666666667,0.4490099,0.7870833333333334,16.604639053344727
0.44075888,0.7929166666666667,0.44900894,0.7870833333333334,16.60640788078308
0.4407569,0.7929166666666667,0.4490078,0.7870833333333334,16.608173370361328
0.4407549,0.7929166666666667,0.4490068,0.7870833333333334,16.609931468963623
0.44075292,0.7929166666666667,0.44900557,0.7870833333333334,16.611693620681763
0.440751,0.7929166666666667,0.44900435,0.7870833333333334,16.613447189331055
0.440749,0.7929166666666667,0.44900313,0.7870833333333334,16.615201950073242
0.44074708,0.7929166666666667,0.44900197,0.7870833333333334,16.616974115371704
0.44074515,0.7929166666666667,0.44900087,0.7870833333333334,16.61873984336853
0.44074315,0.7929166666666667,0.44899973,0.7870833333333334,16.620503902435303
0.44074118,0.7929166666666667,0.44899863,0.7870833333333334,16.622267246246338
0.44073927,0.7929166666666667,0.4489975,0.7870833333333334,16.624061822891235
0.4407373,0.7929166666666667,0.44899642,0.7870833333333334,16.625839233398438
0.4407353,0.7929166666666667,0.44899532,0.7870833333333334,16.627609491348267
0.44073334,0.7929166666666667,0.4489941,0.7870833333333334,16.629377365112305
0.4407314,0.7929166666666667,0.44899303,0.7870833333333334,16.63119602203369
0.44072947,0.7929166666666667,0.44899186,0.7870833333333334,16.6329562664032
0.44072753,0.7929166666666667,0.44899073,0.7870833333333334,16.634775400161743
0.44072556,0.793125,0.4489896,0.7870833333333334,16.636597156524658
0.44072357,0.793125,0.44898856,0.7870833333333334,16.63840913772583
0.44072163,0.793125,0.44898742,0.7870833333333334,16.640177726745605
0.44071966,0.793125,0.4489864,0.7870833333333334,16.641936779022217
0.44071773,0.793125,0.44898534,0.7870833333333334,16.64375400543213
0.4407158,0.793125,0.44898427,0.7870833333333334,16.6455078125
0.4407138,0.793125,0.4489832,0.7870833333333334,16.647273302078247
0.4407119,0.793125,0.44898215,0.7870833333333334,16.64902949333191
0.4407099,0.793125,0.4489811,0.7870833333333334,16.650841236114502
0.440708,0.7930208333333333,0.4489801,0.7870833333333334,16.65260601043701
0.440706,0.7930208333333333,0.44897902,0.7870833333333334,16.654422521591187
0.44070408,0.7930208333333333,0.448978,0.7870833333333334,16.65624189376831
0.44070217,0.7930208333333333,0.448977,0.7870833333333334,16.658005714416504
0.44070023,0.7930208333333333,0.44897598,0.7870833333333334,16.659822702407837
0.44069824,0.7930208333333333,0.44897497,0.7870833333333334,16.661627054214478
0.4406963,0.7930208333333333,0.448974,0.7870833333333334,16.663443565368652
0.44069436,0.7930208333333333,0.44897294,0.7870833333333334,16.665205717086792
0.44069245,0.7930208333333333,0.44897196,0.7870833333333334,16.66695475578308
0.44069052,0.7930208333333333,0.44897088,0.7870833333333334,16.66872525215149
0.44068852,0.7930208333333333,0.44896987,0.7870833333333334,16.670483350753784
0.44068658,0.7930208333333333,0.44896886,0.7870833333333334,16.672303915023804
0.4406847,0.7930208333333333,0.4489679,0.7870833333333334,16.674121856689453
0.44068277,0.7930208333333333,0.4489669,0.7870833333333334,16.67588496208191
0.44068074,0.7930208333333333,0.44896585,0.7870833333333334,16.67764902114868
0.4406788,0.7930208333333333,0.44896516,0.7870833333333334,16.679404735565186
0.44067693,0.7930208333333333,0.4489643,0.7870833333333334,16.681163787841797
0.440675,0.7930208333333333,0.44896346,0.7870833333333334,16.68292474746704
0.44067302,0.7930208333333333,0.44896275,0.7870833333333334,16.68474769592285
0.4406711,0.7930208333333333,0.44896185,0.7870833333333334,16.686564445495605
0.4406692,0.7930208333333333,0.44896102,0.7870833333333334,16.688324213027954
0.44066727,0.7930208333333333,0.44896016,0.7870833333333334,16.69007897377014
0.44066533,0.7930208333333333,0.44895926,0.7870833333333334,16.691847562789917
0.44066346,0.7930208333333333,0.44895843,0.7870833333333334,16.693601369857788
0.44066152,0.7930208333333333,0.44895756,0.7870833333333334,16.69535517692566
0.44065952,0.7930208333333333,0.44895667,0.7870833333333334,16.697176933288574
0.44065765,0.7930208333333333,0.44895574,0.7870833333333334,16.69893479347229
0.44065577,0.7930208333333333,0.44895482,0.7870833333333334,16.70075559616089
0.4406539,0.7929166666666667,0.44895396,0.7870833333333334,16.70252299308777
0.44065186,0.7929166666666667,0.44895303,0.7870833333333334,16.704339027404785
0.44065,0.7929166666666667,0.44895214,0.7870833333333334,16.706157207489014
0.44064808,0.7929166666666667,0.4489512,0.7870833333333334,16.707977533340454
0.44064617,0.7929166666666667,0.4489503,0.7870833333333334,16.709789276123047
0.44064423,0.7929166666666667,0.44894937,0.7870833333333334,16.711615085601807
0.44064224,0.7929166666666667,0.44894847,0.7870833333333334,16.713371515274048
0.44064036,0.7929166666666667,0.44894755,0.7870833333333334,16.715179443359375
0.44063848,0.7929166666666667,0.4489466,0.7870833333333334,16.716941118240356
0.44063655,0.7929166666666667,0.44894567,0.7870833333333334,16.718695878982544
0.4406346,0.7928125,0.44894475,0.7870833333333334,16.720459938049316
0.44063267,0.7928125,0.4489447,0.7870833333333334,16.722223043441772
0.44063073,0.7928125,0.44894454,0.7870833333333334,16.72399067878723
0.44062877,0.7928125,0.44894436,0.7870833333333334,16.72575354576111
0.4406269,0.7928125,0.4489441,0.7870833333333334,16.727517127990723
0.4406249,0.7928125,0.4489438,0.7870833333333334,16.729339361190796
0.44062296,0.7928125,0.44894338,0.7870833333333334,16.731099367141724
0.44062102,0.7928125,0.44894293,0.7870833333333334,16.732860565185547
0.4406191,0.7927083333333333,0.44894245,0.7870833333333334,16.73467707633972
0.4406171,0.7927083333333333,0.44894195,0.7870833333333334,16.736496686935425
0.44061515,0.7927083333333333,0.44894123,0.7870833333333334,16.738250494003296
0.44061315,0.7927083333333333,0.44894063,0.7870833333333334,16.74002242088318
0.44061127,0.7927083333333333,0.44893992,0.7870833333333334,16.741769075393677
0.44060928,0.7927083333333333,0.44893926,0.7870833333333334,16.743526697158813
0.44060734,0.7927083333333333,0.4489386,0.7870833333333334,16.745275259017944
0.44060537,0.7927083333333333,0.4489379,0.7870833333333334,16.747084617614746
0.44060344,0.7927083333333333,0.44893706,0.7870833333333334,16.748846292495728
0.4406015,0.7927083333333333,0.4489363,0.7870833333333334,16.75066828727722
0.44059953,0.7927083333333333,0.44893554,0.7870833333333334,16.752432584762573
0.4405976,0.7927083333333333,0.4489348,0.7870833333333334,16.754183292388916
0.44059566,0.7927083333333333,0.44893396,0.7870833333333334,16.755943536758423
0.44059372,0.7927083333333333,0.4489331,0.7870833333333334,16.757702589035034
0.44059172,0.7927083333333333,0.44893223,0.7870833333333334,16.759474992752075
0.44058982,0.7927083333333333,0.44893143,0.7870833333333334,16.761288166046143
0.44058788,0.7927083333333333,0.44893062,0.7870833333333334,16.763110876083374
0.44058594,0.7927083333333333,0.44892976,0.7870833333333334,16.764939308166504
0.44058394,0.7927083333333333,0.44892883,0.7870833333333334,16.766752004623413
0.44058207,0.7927083333333333,0.44892797,0.7870833333333334,16.76852583885193
0.44058004,0.7927083333333333,0.4489271,0.7870833333333334,16.770270347595215
0.4405781,0.7927083333333333,0.44892725,0.7870833333333334,16.772034168243408
0.4405761,0.7927083333333333,0.44892725,0.7870833333333334,16.773785829544067
0.44057414,0.7927083333333333,0.44892716,0.7870833333333334,16.775604486465454
0.44057214,0.7927083333333333,0.44892704,0.7870833333333334,16.777424335479736
0.44057012,0.7927083333333333,0.44892684,0.7870833333333334,16.77924108505249
0.44056815,0.7927083333333333,0.4489266,0.7870833333333334,16.781060218811035
0.44056615,0.7927083333333333,0.4489263,0.7870833333333334,16.782824277877808
0.44056416,0.7927083333333333,0.44892594,0.7870833333333334,16.78463912010193
0.44056225,0.7927083333333333,0.44892552,0.7870833333333334,16.786406993865967
0.4405602,0.7927083333333333,0.44892517,0.7870833333333334,16.788164615631104
0.44055817,0.7927083333333333,0.44892466,0.7870833333333334,16.789934873580933
0.44055623,0.7927083333333333,0.44892424,0.7870833333333334,16.791691780090332
0.44055426,0.7927083333333333,0.44892365,0.7870833333333334,16.793514013290405
0.4405522,0.7927083333333333,0.4489232,0.7870833333333334,16.795341730117798
0.4405503,0.7927083333333333,0.44892263,0.7870833333333334,16.797178506851196
0.4405483,0.7927083333333333,0.44892207,0.7870833333333334,16.79900550842285
0.4405463,0.7926041666666667,0.44892147,0.7870833333333334,16.800793647766113
0.44054434,0.7926041666666667,0.44892085,0.7870833333333334,16.802566051483154
0.4405423,0.7926041666666667,0.44892013,0.7870833333333334,16.804348707199097
0.44054037,0.7926041666666667,0.44891948,0.7870833333333334,16.80611777305603
0.44053838,0.7926041666666667,0.4489189,0.7870833333333334,16.807889938354492
0.44053644,0.7926041666666667,0.44891798,0.7870833333333334,16.80965280532837
0.44053435,0.7926041666666667,0.4489173,0.7870833333333334,16.81143355369568
0.44053242,0.7926041666666667,0.44891638,0.7870833333333334,16.813191652297974
0.44053045,0.7926041666666667,0.4489156,0.7870833333333334,16.81495428085327
0.44052845,0.7926041666666667,0.4489148,0.7870833333333334,16.816779851913452
0.44052643,0.7927083333333333,0.448914,0.7870833333333334,16.81859016418457
0.4405245,0.7927083333333333,0.44891313,0.7870833333333334,16.82035255432129
0.44052246,0.7927083333333333,0.4489124,0.7870833333333334,16.82210683822632
0.44052052,0.7927083333333333,0.44891158,0.7870833333333334,16.823922872543335
0.44051856,0.7927083333333333,0.44891068,0.7870833333333334,16.825682878494263
0.44051656,0.7927083333333333,0.44890982,0.7870833333333334,16.827449083328247
0.44051456,0.7927083333333333,0.44890895,0.7870833333333334,16.82920551300049
0.44051254,0.7927083333333333,0.44890818,0.7870833333333334,16.83096694946289
0.4405106,0.7927083333333333,0.44890726,0.7870833333333334,16.83273434638977
0.44050863,0.7927083333333333,0.44890624,0.7870833333333334,16.834500551223755
0.44050664,0.7927083333333333,0.44890523,0.7870833333333334,16.836329221725464
0.44050467,0.7927083333333333,0.4489043,0.7870833333333334,16.838146686553955
0.44050267,0.7927083333333333,0.4489033,0.7870833333333334,16.839911699295044
0.44050074,0.7927083333333333,0.4489024,0.7870833333333334,16.84166145324707
0.4404987,0.7927083333333333,0.44890147,0.7870833333333334,16.84343981742859
0.44049677,0.7927083333333333,0.4489005,0.7870833333333334,16.845253229141235
0.44049484,0.7928125,0.4488996,0.7870833333333334,16.84701895713806
0.44049287,0.7928125,0.44889852,0.7870833333333334,16.8487868309021
0.44049093,0.7928125,0.44889772,0.7870833333333334,16.850541830062866
0.44048893,0.7928125,0.4488968,0.7870833333333334,16.852376222610474
0.44048697,0.7928125,0.44889587,0.7870833333333334,16.854196786880493
0.44048497,0.7928125,0.44889495,0.7870833333333334,16.855952262878418
0.44048303,0.7928125,0.448894,0.7870833333333334,16.857712507247925
0.44048107,0.7928125,0.44889313,0.7870833333333334,16.859489917755127
0.44047913,0.7928125,0.4488922,0.7870833333333334,16.861316442489624
0.4404772,0.7929166666666667,0.44889128,0.7870833333333334,16.863084316253662
0.4404752,0.7929166666666667,0.4488904,0.7870833333333334,16.864860773086548
0.44047323,0.7929166666666667,0.44888946,0.7870833333333334,16.866684198379517
0.44047135,0.7929166666666667,0.4488886,0.7870833333333334,16.868454933166504
0.4404694,0.7929166666666667,0.44888768,0.7870833333333334,16.870269298553467
0.44046742,0.7929166666666667,0.4488868,0.7870833333333334,16.872093200683594
0.44046548,0.7928125,0.44888586,0.7870833333333334,16.873846292495728
0.4404635,0.7928125,0.448885,0.7870833333333334,16.875608444213867
0.44046158,0.7928125,0.448884,0.7870833333333334,16.877427339553833
0.4404596,0.7928125,0.44888315,0.7870833333333334,16.879233360290527
0.44045767,0.7928125,0.44888225,0.7870833333333334,16.880999088287354
0.44045573,0.7928125,0.44888142,0.7870833333333334,16.882800817489624
0.4404538,0.7928125,0.44888046,0.7870833333333334,16.884620904922485
0.4404518,0.7928125,0.4488797,0.7870833333333334,16.886425971984863
0.4404499,0.7928125,0.44887874,0.7870833333333334,16.888241052627563
0.4404479,0.7928125,0.44887793,0.7870833333333334,16.88999629020691
0.4404459,0.7928125,0.44887707,0.7870833333333334,16.891769886016846
0.44044402,0.7928125,0.44887614,0.7870833333333334,16.893531322479248
0.440442,0.7928125,0.44887522,0.7870833333333334,16.895333766937256
0.44044006,0.7928125,0.4488743,0.7870833333333334,16.89715814590454
0.44043812,0.7928125,0.44887334,0.7870833333333334,16.898972272872925
0.44043618,0.7928125,0.44887242,0.7870833333333334,16.900752067565918
0.44043422,0.7927083333333333,0.4488714,0.7870833333333334,16.902515411376953
0.44043228,0.7927083333333333,0.44887045,0.7870833333333334,16.904277086257935
0.44043028,0.7927083333333333,0.44886953,0.7870833333333334,16.906097173690796
0.4404284,0.7927083333333333,0.4488686,0.7870833333333334,16.90791344642639
0.44042638,0.7927083333333333,0.44886774,0.7870833333333334,16.909669399261475
0.4404245,0.7927083333333333,0.44886667,0.7875,16.911438465118408
0.4404225,0.7927083333333333,0.44886565,0.7875,16.913248300552368
0.44042054,0.7927083333333333,0.44886476,0.7875,16.915010452270508
0.44041866,0.7927083333333333,0.44886354,0.7875,16.916775226593018
0.44041666,0.7927083333333333,0.44886255,0.7875,16.918532609939575
0.4404147,0.7927083333333333,0.4488616,0.7875,16.920311212539673
0.44041276,0.7927083333333333,0.4488606,0.7875,16.92205786705017
0.44041082,0.7927083333333333,0.44885957,0.7875,16.92382049560547
0.4404089,0.7927083333333333,0.44885865,0.7875,16.925586223602295
0.4404069,0.7927083333333333,0.44885772,0.7875,16.92740750312805
0.44040498,0.7927083333333333,0.44885677,0.7875,16.929230451583862
0.44040304,0.7927083333333333,0.44885576,0.7875,16.93103528022766
0.44040105,0.7927083333333333,0.44885483,0.7875,16.932796955108643
0.44039908,0.7927083333333333,0.44885397,0.7875,16.934561729431152
0.44039714,0.7927083333333333,0.44885305,0.7875,16.936319828033447
0.4403952,0.7927083333333333,0.44885218,0.7875,16.9380886554718
0.44039327,0.7927083333333333,0.44885138,0.7875,16.939905166625977
0.44039127,0.7927083333333333,0.44885045,0.7875,16.941720247268677
0.44038936,0.7927083333333333,0.4488495,0.7875,16.94348406791687
0.44038743,0.7927083333333333,0.44884866,0.7875,16.945303678512573
0.4403855,0.7927083333333333,0.4488478,0.7875,16.947139263153076
0.4403835,0.7927083333333333,0.44884706,0.7875,16.948923349380493
0.44038162,0.7927083333333333,0.44884607,0.7875,16.950763702392578
0.44037965,0.7927083333333333,0.44884527,0.7875,16.95260524749756
0.4403777,0.7927083333333333,0.44884446,0.7875,16.95439839363098
0.44037572,0.7927083333333333,0.4488437,0.7875,16.956234455108643
0.44037378,0.7928125,0.44884276,0.7875,16.95807123184204
0.44037187,0.7928125,0.44884202,0.7875,16.959864377975464
0.44036993,0.7928125,0.44884118,0.7875,16.961629152297974
0.44036794,0.7929166666666667,0.44884038,0.7875,16.96344757080078
0.44036606,0.7929166666666667,0.44883958,0.7875,16.965258836746216
0.44036406,0.7929166666666667,0.4488388,0.7875,16.96701455116272
0.44036216,0.7929166666666667,0.448838,0.7875,16.96883225440979
0.44036022,0.7929166666666667,0.4488372,0.7879166666666667,16.97064185142517
0.44035828,0.7929166666666667,0.44883642,0.7879166666666667,16.972398042678833
0.44035634,0.7929166666666667,0.44883564,0.7879166666666667,16.974147081375122
0.4403544,0.7929166666666667,0.4488349,0.7879166666666667,16.975961923599243
0.44035247,0.7929166666666667,0.44883406,0.7879166666666667,16.977782726287842
0.4403505,0.7929166666666667,0.44883326,0.7879166666666667,16.979606866836548
0.44034857,0.7929166666666667,0.44883245,0.7879166666666667,16.981377363204956
0.44034663,0.7929166666666667,0.44883195,0.7879166666666667,16.983134508132935
0.44034463,0.7929166666666667,0.44883144,0.7879166666666667,16.984905242919922
0.44034275,0.7929166666666667,0.44883093,0.7879166666666667,16.986664056777954
0.44034082,0.7929166666666667,0.44883037,0.7879166666666667,16.988434314727783
0.4403389,0.7929166666666667,0.44882965,0.7879166666666667,16.990199327468872
0.44033697,0.7929166666666667,0.44882905,0.7879166666666667,16.99197030067444
0.44033498,0.7929166666666667,0.44882843,0.7879166666666667,16.993732690811157
0.44033304,0.7929166666666667,0.44882783,0.7879166666666667,16.995517015457153
0.44033116,0.7929166666666667,0.44882715,0.7879166666666667,16.997276067733765
0.44032928,0.7929166666666667,0.4488265,0.7879166666666667,16.99903440475464
0.44032735,0.7929166666666667,0.44882584,0.7879166666666667,17.000791311264038
0.44032538,0.7929166666666667,0.44882518,0.7879166666666667,17.00261926651001
0.44032344,0.7929166666666667,0.44882452,0.7879166666666667,17.004460334777832
0.44032156,0.7929166666666667,0.44882375,0.7879166666666667,17.00622534751892
0.44031957,0.7929166666666667,0.44882298,0.7879166666666667,17.00798273086548
0.44031763,0.7929166666666667,0.44882217,0.7879166666666667,17.00981640815735
0.44031575,0.7929166666666667,0.44882137,0.7879166666666667,17.01164674758911
0.44031382,0.7929166666666667,0.44882056,0.7879166666666667,17.013471603393555
0.44031188,0.7929166666666667,0.44881967,0.7879166666666667,17.0152428150177
0.44030997,0.7929166666666667,0.4488188,0.7879166666666667,17.017009973526
0.44030803,0.7929166666666667,0.448818,0.7879166666666667,17.018823862075806
0.4403062,0.7929166666666667,0.44881725,0.7879166666666667,17.02058482170105
0.44030422,0.7929166666666667,0.44881642,0.7879166666666667,17.0223970413208
0.44030228,0.7929166666666667,0.4488156,0.7879166666666667,17.02416181564331
0.4403003,0.7929166666666667,0.44881475,0.7879166666666667,17.02591609954834
0.44029847,0.7929166666666667,0.44881397,0.7879166666666667,17.027689695358276
0.44029647,0.7929166666666667,0.4488131,0.7879166666666667,17.029446601867676
0.4402946,0.7929166666666667,0.44881225,0.7879166666666667,17.0312077999115
0.44029263,0.7929166666666667,0.44881144,0.7879166666666667,17.033030033111572
0.44029072,0.7929166666666667,0.44881064,0.7879166666666667,17.034860610961914
0.44028875,0.7929166666666667,0.4488098,0.7879166666666667,17.036678314208984
0.44028682,0.7929166666666667,0.4488089,0.7879166666666667,17.03848910331726
0.44028494,0.7929166666666667,0.44880813,0.7879166666666667,17.040306329727173
0.440283,0.7929166666666667,0.44880718,0.7879166666666667,17.04207181930542
0.44028106,0.7929166666666667,0.4488062,0.7879166666666667,17.043837785720825
0.4402792,0.7929166666666667,0.44880533,0.7879166666666667,17.045594692230225
0.44027725,0.7929166666666667,0.44880432,0.7879166666666667,17.04735231399536
0.4402753,0.7929166666666667,0.44880337,0.7879166666666667,17.049163341522217
0.44027337,0.7929166666666667,0.44880235,0.7879166666666667,17.050915718078613
0.44027147,0.7929166666666667,0.44880137,0.7879166666666667,17.052738189697266
0.44026953,0.7929166666666667,0.44880036,0.7879166666666667,17.054548263549805
0.4402676,0.7929166666666667,0.4487995,0.7879166666666667,17.056318283081055
0.44026572,0.7929166666666667,0.44879842,0.7879166666666667,17.058088302612305
0.44026372,0.7929166666666667,0.44879732,0.7879166666666667,17.05985951423645
0.44026184,0.7929166666666667,0.44879645,0.7879166666666667,17.061612367630005
0.4402598,0.7929166666666667,0.44879568,0.7879166666666667,17.063369750976562
0.44025782,0.7929166666666667,0.4487948,0.7879166666666667,17.06520104408264
0.44025588,0.7929166666666667,0.448794,0.7879166666666667,17.067008018493652
0.4402539,0.7929166666666667,0.44879344,0.7879166666666667,17.068777322769165
0.44025192,0.7929166666666667,0.44879287,0.7879166666666667,17.070541381835938
0.44024995,0.7929166666666667,0.44879228,0.7879166666666667,17.072322845458984
0.4402479,0.7929166666666667,0.44879165,0.7879166666666667,17.07408308982849
0.44024593,0.7929166666666667,0.44879106,0.7879166666666667,17.0758535861969
0.44024393,0.7929166666666667,0.4487905,0.7879166666666667,17.077613353729248
0.44024196,0.7928125,0.44878986,0.7879166666666667,17.07936143875122
0.44023997,0.7928125,0.44878927,0.7879166666666667,17.08118176460266
0.440238,0.7928125,0.4487886,0.7879166666666667,17.08293843269348
0.4402359,0.7928125,0.448788,0.7879166666666667,17.08476996421814
0.44023398,0.7928125,0.44878733,0.7879166666666667,17.08658719062805
0.44023192,0.7928125,0.44878668,0.7879166666666667,17.088412284851074
0.44023,0.7928125,0.44878605,0.7879166666666667,17.090224742889404
0.44022796,0.7928125,0.4487854,0.7879166666666667,17.092039108276367
0.44022605,0.7928125,0.44878468,0.7879166666666667,17.09379243850708
0.44022405,0.7928125,0.44878396,0.7879166666666667,17.09561824798584
0.44022205,0.7928125,0.44878343,0.7879166666666667,17.097376346588135
0.4402201,0.7928125,0.44878295,0.7879166666666667,17.09912657737732
0.4402181,0.7928125,0.4487824,0.7879166666666667,17.10089612007141
0.44021612,0.7928125,0.44878173,0.7879166666666667,17.102651357650757
0.44021413,0.7928125,0.4487812,0.7879166666666667,17.104472160339355
0.44021216,0.7928125,0.44878057,0.7879166666666667,17.106289625167847
0.44021022,0.7928125,0.44877985,0.7879166666666667,17.108054161071777
0.44020823,0.7928125,0.44877926,0.7879166666666667,17.109821319580078
0.4402063,0.7928125,0.44877848,0.7879166666666667,17.11159348487854
0.44020432,0.7928125,0.44877782,0.7879166666666667,17.113353729248047
0.44020233,0.7928125,0.44877705,0.7879166666666667,17.115113019943237
0.4402004,0.7928125,0.4487764,0.7879166666666667,17.116872549057007
0.44019842,0.7928125,0.44877568,0.7879166666666667,17.11862850189209
0.44019642,0.7928125,0.44877508,0.7879166666666667,17.120471954345703
0.44019446,0.7928125,0.44877425,0.7879166666666667,17.12223482131958
0.44019246,0.7928125,0.4487736,0.7879166666666667,17.123998880386353
0.44019052,0.7929166666666667,0.44877288,0.7879166666666667,17.125795602798462
0.44018856,0.7929166666666667,0.44877234,0.7879166666666667,17.127628564834595
0.44018662,0.7929166666666667,0.44877166,0.7879166666666667,17.12945246696472
0.44018462,0.7929166666666667,0.44877112,0.7879166666666667,17.131211519241333
0.4401827,0.7929166666666667,0.4487704,0.7879166666666667,17.13296389579773
0.44018072,0.7929166666666667,0.4487697,0.7879166666666667,17.134717226028442
0.44017872,0.7929166666666667,0.44876903,0.7879166666666667,17.13646936416626
0.44017678,0.7929166666666667,0.4487684,0.7879166666666667,17.138214826583862
0.44017482,0.7929166666666667,0.4487677,0.7879166666666667,17.1400306224823
0.44017288,0.7929166666666667,0.44876704,0.7879166666666667,17.14179039001465
0.44017094,0.7929166666666667,0.44876632,0.7879166666666667,17.143617868423462
0.44016898,0.7929166666666667,0.44876567,0.7879166666666667,17.145373821258545
0.44016704,0.7929166666666667,0.4487649,0.7879166666666667,17.147140502929688
0.44016504,0.7929166666666667,0.44876435,0.7879166666666667,17.148898363113403
0.44016302,0.7929166666666667,0.4487638,0.7879166666666667,17.150777101516724
0.44016102,0.7929166666666667,0.44876334,0.7879166666666667,17.152602195739746
0.44015905,0.7929166666666667,0.4487628,0.7879166666666667,17.154359102249146
0.44015706,0.7929166666666667,0.44876215,0.7879166666666667,17.15617537498474
0.44015503,0.7929166666666667,0.44876164,0.7879166666666667,17.1579806804657
0.44015303,0.7929166666666667,0.44876108,0.7879166666666667,17.15981101989746
0.44015113,0.7929166666666667,0.4487607,0.7879166666666667,17.161632299423218
0.44014913,0.7929166666666667,0.44876006,0.7879166666666667,17.1633882522583
0.44014713,0.7929166666666667,0.44875953,0.7879166666666667,17.165157556533813
0.44014516,0.7929166666666667,0.4487589,0.7879166666666667,17.166930198669434
0.44014317,0.7929166666666667,0.44875818,0.7879166666666667,17.16870427131653
0.44014123,0.7929166666666667,0.44875753,0.7879166666666667,17.170464515686035
0.4401392,0.7929166666666667,0.44875675,0.7879166666666667,17.172227144241333
0.44013727,0.7929166666666667,0.4487561,0.7879166666666667,17.17398715019226
0.4401353,0.7929166666666667,0.44875535,0.7879166666666667,17.175742626190186
0.4401333,0.7929166666666667,0.44875464,0.7879166666666667,17.177493810653687
0.44013134,0.7929166666666667,0.4487538,0.7879166666666667,17.179321765899658
0.44012934,0.7929166666666667,0.448753,0.7879166666666667,17.181156635284424
0.44012737,0.7929166666666667,0.44875228,0.7879166666666667,17.182913541793823
0.44012538,0.7929166666666667,0.44875142,0.7879166666666667,17.18467664718628
0.44012344,0.7929166666666667,0.44875062,0.7879166666666667,17.186437129974365
0.4401214,0.7929166666666667,0.44874975,0.7879166666666667,17.188199281692505
0.44011948,0.7928125,0.4487489,0.7879166666666667,17.189960718154907
0.44011748,0.7928125,0.44874808,0.7879166666666667,17.19178795814514
0.44011557,0.7928125,0.44874725,0.7879166666666667,17.193549394607544
0.44011357,0.7928125,0.44874638,0.7879166666666667,17.195364475250244
0.4401116,0.7928125,0.44874564,0.7879166666666667,17.197126150131226
0.4401096,0.7928125,0.4487447,0.7879166666666667,17.198936223983765
0.4401076,0.7928125,0.4487438,0.7879166666666667,17.200764417648315
0.4401057,0.7928125,0.44874293,0.7879166666666667,17.20252251625061
0.4401037,0.7928125,0.44874206,0.7879166666666667,17.204308032989502
0.4401017,0.7928125,0.4487414,0.7879166666666667,17.358770847320557
0.44009975,0.7928125,0.44874075,0.7879166666666667,17.36160445213318
0.44009775,0.7928125,0.44874033,0.7879166666666667,17.36414670944214
0.44009572,0.7928125,0.44873983,0.7879166666666667,17.366623640060425
0.44009373,0.7928125,0.44873932,0.7879166666666667,17.369048833847046
0.4400917,0.7928125,0.44873875,0.7879166666666667,17.371599197387695
0.44008967,0.7928125,0.4487382,0.7879166666666667,17.373936414718628
0.44008765,0.7928125,0.44873765,0.7879166666666667,17.37590479850769
0.4400856,0.7928125,0.44873703,0.7879166666666667,17.377792835235596
0.44008356,0.7928125,0.44873637,0.7879166666666667,17.37969207763672
0.44008148,0.7928125,0.4487357,0.7879166666666667,17.381577730178833
0.44007954,0.7927083333333333,0.448735,0.7879166666666667,17.38345742225647
0.4400775,0.7927083333333333,0.44873428,0.7879166666666667,17.38516616821289
0.44007543,0.7927083333333333,0.4487335,0.7879166666666667,17.38676691055298
0.44007346,0.7927083333333333,0.44873282,0.7879166666666667,17.388372898101807
0.4400714,0.7927083333333333,0.44873205,0.7879166666666667,17.389976501464844
0.44006938,0.7927083333333333,0.44873133,0.7879166666666667,17.391597747802734
0.44006738,0.7927083333333333,0.44873053,0.7879166666666667,17.39324975013733
0.4400653,0.7927083333333333,0.4487298,0.7879166666666667,17.39484429359436
0.44006333,0.7927083333333333,0.44872895,0.7879166666666667,17.396405935287476
0.4400613,0.7927083333333333,0.44872817,0.7879166666666667,17.397956609725952
0.44005924,0.7927083333333333,0.4487273,0.7879166666666667,17.399481296539307
0.44005722,0.7927083333333333,0.4487265,0.7879166666666667,17.400989055633545
0.44005528,0.7927083333333333,0.4487257,0.7879166666666667,17.40249490737915
0.4400532,0.7927083333333333,0.44872487,0.7879166666666667,17.40402364730835
0.44005117,0.7927083333333333,0.448724,0.7879166666666667,17.405548334121704
0.44004917,0.7927083333333333,0.44872314,0.7879166666666667,17.407062292099
0.44004714,0.7927083333333333,0.44872233,0.7879166666666667,17.4085853099823
0.44004512,0.7927083333333333,0.44872153,0.7879166666666667,17.410106897354126
0.44004312,0.7927083333333333,0.4487206,0.7879166666666667,17.4116370677948
0.4400411,0.7927083333333333,0.44871974,0.7879166666666667,17.413151264190674
0.44003907,0.7927083333333333,0.44871897,0.7879166666666667,17.414660215377808
0.44003704,0.7927083333333333,0.44871807,0.7879166666666667,17.41619563102722
0.44003505,0.7927083333333333,0.4487172,0.7879166666666667,17.417711973190308
0.4400331,0.7927083333333333,0.44871634,0.7879166666666667,17.419219970703125
0.44003102,0.7927083333333333,0.44871542,0.7879166666666667,17.42074942588806
0.44002905,0.7927083333333333,0.44871455,0.7879166666666667,17.42225694656372
0.440027,0.7927083333333333,0.4487137,0.7879166666666667,17.423774480819702
0.44002503,0.7927083333333333,0.44871277,0.7879166666666667,17.425292253494263
0.44002298,0.7927083333333333,0.44871184,0.7879166666666667,17.426804542541504
0.440021,0.7927083333333333,0.44871104,0.7879166666666667,17.42835235595703
0.44001898,0.7927083333333333,0.4487101,0.7879166666666667,17.429911136627197
0.44001693,0.7927083333333333,0.44870916,0.7879166666666667,17.43142557144165
0.44001496,0.7927083333333333,0.44870836,0.7879166666666667,17.432928800582886
0.44001296,0.7927083333333333,0.44870743,0.7879166666666667,17.434415817260742
0.44001102,0.7927083333333333,0.44870645,0.7879166666666667,17.435935020446777
0.44000894,0.7927083333333333,0.4487055,0.7879166666666667,17.437424659729004
0.4400069,0.7927083333333333,0.44870457,0.7879166666666667,17.43891954421997
0.44000497,0.7927083333333333,0.44870362,0.7879166666666667,17.440430164337158
0.440003,0.7927083333333333,0.4487027,0.7879166666666667,17.441985607147217
0.44000098,0.7927083333333333,0.44870174,0.7879166666666667,17.443495273590088
0.43999892,0.7927083333333333,0.44870082,0.7879166666666667,17.445066452026367
0.43999696,0.7927083333333333,0.44869986,0.7879166666666667,17.44662857055664
0.43999496,0.7927083333333333,0.44869888,0.7879166666666667,17.448196411132812
0.439993,0.7927083333333333,0.4486978,0.7879166666666667,17.44971776008606
0.43999094,0.7927083333333333,0.4486968,0.7879166666666667,17.451271057128906
0.43998897,0.7927083333333333,0.44869578,0.7879166666666667,17.45283603668213
0.4399869,0.7927083333333333,0.44869483,0.7879166666666667,17.45437788963318
0.43998495,0.7927083333333333,0.44869375,0.7879166666666667,17.455899238586426
0.43998295,0.7928125,0.44869274,0.7879166666666667,17.457393407821655
0.43998092,0.7928125,0.44869167,0.7879166666666667,17.45889949798584
0.439979,0.7928125,0.44869068,0.7879166666666667,17.46040153503418
0.43997702,0.7930208333333333,0.44868967,0.7879166666666667,17.46190595626831
0.43997502,0.7930208333333333,0.44868866,0.7879166666666667,17.463419675827026
0.439973,0.7930208333333333,0.4486877,0.7879166666666667,17.465002298355103
0.439971,0.7930208333333333,0.44868684,0.7879166666666667,17.46652317047119
0.43996897,0.7930208333333333,0.448686,0.7879166666666667,17.468039751052856
0.43996698,0.7930208333333333,0.4486851,0.7879166666666667,17.46953010559082
0.43996495,0.7930208333333333,0.44868425,0.7879166666666667,17.471075296401978
0.43996298,0.7930208333333333,0.44868332,0.7883333333333333,17.472594499588013
0.439961,0.7930208333333333,0.44868252,0.7883333333333333,17.474096536636353
0.43995902,0.7930208333333333,0.4486819,0.7883333333333333,17.47562003135681
0.43995696,0.7930208333333333,0.44868124,0.7883333333333333,17.477128267288208
0.439955,0.7930208333333333,0.4486806,0.7883333333333333,17.478622674942017
0.43995306,0.7930208333333333,0.4486796,0.7883333333333333,17.480149030685425
0.43995097,0.7930208333333333,0.448679,0.7883333333333333,17.481703519821167
0.43994898,0.7930208333333333,0.44867834,0.7883333333333333,17.483216285705566
0.439947,0.7930208333333333,0.44867733,0.7883333333333333,17.48478126525879
0.439945,0.7930208333333333,0.44867662,0.7883333333333333,17.486347198486328
0.43994305,0.7930208333333333,0.4486759,0.7883333333333333,17.487853527069092
0.439941,0.7930208333333333,0.4486752,0.7883333333333333,17.48935866355896
0.43993902,0.7930208333333333,0.44867438,0.7883333333333333,17.49091148376465
0.439937,0.7930208333333333,0.4486737,0.7883333333333333,17.492424726486206
0.43993506,0.7930208333333333,0.44867265,0.7883333333333333,17.493974447250366
0.43993297,0.7930208333333333,0.44867203,0.7883333333333333,17.495498180389404
0.43993092,0.7930208333333333,0.44867137,0.7883333333333333,17.497020483016968
0.439929,0.7930208333333333,0.44867036,0.7883333333333333,17.49853754043579
0.43992695,0.7930208333333333,0.44866958,0.7883333333333333,17.500097036361694
0.43992493,0.7930208333333333,0.44866857,0.7883333333333333,17.501654624938965
0.43992293,0.7929166666666667,0.44866785,0.7883333333333333,17.503166675567627
0.43992096,0.7929166666666667,0.44866678,0.7883333333333333,17.50472903251648
0.43991888,0.7929166666666667,0.44866607,0.7883333333333333,17.506307363510132
0.43991688,0.7929166666666667,0.44866502,0.7883333333333333,17.507832288742065
0.4399149,0.7928125,0.4486643,0.7883333333333333,17.509341716766357
0.43991292,0.7928125,0.44866353,0.7883333333333333,17.51089882850647
0.4399109,0.7928125,0.44866258,0.7883333333333333,17.51243281364441
0.4399089,0.7928125,0.4486618,0.7883333333333333,17.513936281204224
0.43990687,0.7928125,0.44866085,0.7883333333333333,17.515454053878784
0.4399049,0.7928125,0.44866014,0.7883333333333333,17.516956329345703
0.43990284,0.7928125,0.44865912,0.7883333333333333,17.518457412719727
0.43990088,0.7928125,0.4486584,0.7883333333333333,17.519970655441284
0.43989885,0.7928125,0.4486574,0.7883333333333333,17.52148413658142
0.43989685,0.7928125,0.44865668,0.7883333333333333,17.522985696792603
0.43989486,0.7928125,0.4486559,0.7883333333333333,17.524502754211426
0.4398929,0.7928125,0.44865495,0.7883333333333333,17.526059865951538
0.4398908,0.7928125,0.44865417,0.7883333333333333,17.52758288383484
0.43988886,0.7928125,0.44865316,0.7883333333333333,17.52910876274109
0.43988684,0.7928125,0.4486524,0.7883333333333333,17.530615091323853
0.43988484,0.7928125,0.44865137,0.7883333333333333,17.532135725021362
0.43988287,0.7928125,0.44865072,0.7883333333333333,17.53369903564453
0.43988082,0.7928125,0.4486499,0.7883333333333333,17.53527069091797
0.4398788,0.7928125,0.4486489,0.7883333333333333,17.53679323196411
0.43987682,0.7928125,0.44864783,0.7883333333333333,17.53829836845398
0.43987483,0.7928125,0.44864675,0.7883333333333333,17.539808988571167
0.4398728,0.7928125,0.44864574,0.7883333333333333,17.541313648223877
0.43987074,0.7928125,0.44864476,0.7883333333333333,17.54283094406128
0.43986884,0.7928125,0.44864374,0.7883333333333333,17.54441523551941
0.43986678,0.7928125,0.4486428,0.7883333333333333,17.54598593711853
0.4398648,0.7928125,0.44864178,0.7883333333333333,17.547552824020386
0.43986276,0.7928125,0.44864085,0.7883333333333333,17.549073219299316
0.4398608,0.7928125,0.44863993,0.7883333333333333,17.550633907318115
0.4398588,0.7928125,0.44863892,0.7883333333333333,17.552194595336914
0.4398569,0.7928125,0.448638,0.7883333333333333,17.553693056106567
0.43985483,0.7928125,0.44863704,0.7883333333333333,17.55519413948059
0.43985286,0.7928125,0.4486361,0.7883333333333333,17.556743383407593
0.43985087,0.7928125,0.4486352,0.7883333333333333,17.558248281478882
0.43984884,0.7928125,0.44863433,0.7883333333333333,17.559813499450684
0.43984684,0.7928125,0.44863337,0.7883333333333333,17.56134557723999
0.43984488,0.7928125,0.4486325,0.7883333333333333,17.562954425811768
0.43984288,0.7928125,0.44863155,0.7883333333333333,17.56447696685791
0.43984085,0.7928125,0.44863063,0.7883333333333333,17.565996646881104
0.43983898,0.7928125,0.44862977,0.7883333333333333,17.567506551742554
0.43983695,0.7928125,0.44862878,0.7883333333333333,17.569029569625854
0.43983495,0.7928125,0.4486279,0.7883333333333333,17.57052254676819
0.43983293,0.7928125,0.4486269,0.7883333333333333,17.572032690048218
0.43983105,0.7929166666666667,0.4486261,0.7883333333333333,17.573527574539185
0.43982896,0.7929166666666667,0.44862518,0.7883333333333333,17.57503390312195
0.43982697,0.7929166666666667,0.44862422,0.7883333333333333,17.576555490493774
0.43982494,0.7929166666666667,0.4486233,0.7883333333333333,17.57807469367981
0.43982306,0.7929166666666667,0.44862238,0.7883333333333333,17.579638242721558
0.439821,0.7929166666666667,0.44862142,0.7879166666666667,17.581146240234375
0.43981904,0.7929166666666667,0.44862056,0.7879166666666667,17.58270263671875
0.43981704,0.7929166666666667,0.44861963,0.7879166666666667,17.584213733673096
0.43981507,0.7929166666666667,0.44861868,0.7879166666666667,17.585785627365112
0.43981314,0.7929166666666667,0.44861767,0.7879166666666667,17.587300777435303
0.4398111,0.7929166666666667,0.44861674,0.7879166666666667,17.588806629180908
0.43980917,0.7929166666666667,0.44861582,0.7879166666666667,17.59037756919861
0.4398071,0.7928125,0.4486149,0.7879166666666667,17.591943502426147
0.43980515,0.7928125,0.448614,0.7879166666666667,17.59349751472473
0.4398032,0.7928125,0.44861293,0.7879166666666667,17.595049142837524
0.43980122,0.7928125,0.44861192,0.7879166666666667,17.596610069274902
0.43979925,0.7928125,0.44861084,0.7879166666666667,17.598122596740723
0.43979725,0.7928125,0.44860983,0.7879166666666667,17.599632740020752
0.4397953,0.7928125,0.44860882,0.7879166666666667,17.60114622116089
0.4397933,0.7928125,0.4486078,0.7879166666666667,17.602655172348022
0.43979135,0.7929166666666667,0.44860673,0.7879166666666667,17.604170322418213
0.43978938,0.7929166666666667,0.44860575,0.7879166666666667,17.605679750442505
0.4397874,0.7929166666666667,0.44860467,0.7879166666666667,17.60718321800232
0.43978542,0.7929166666666667,0.44860432,0.7879166666666667,17.608709573745728
0.43978342,0.7929166666666667,0.44860393,0.7879166666666667,17.61027717590332
0.43978146,0.7929166666666667,0.44860342,0.7879166666666667,17.61179757118225
0.4397794,0.7928125,0.44860294,0.7879166666666667,17.613292455673218
0.43977746,0.7928125,0.4486024,0.7879166666666667,17.614854335784912
0.43977544,0.7928125,0.4486019,0.7879166666666667,17.616409301757812
0.43977347,0.7928125,0.44860122,0.7879166666666667,17.617969751358032
0.43977147,0.7928125,0.44860062,0.7879166666666667,17.619481563568115
0.43976948,0.7928125,0.44859996,0.7879166666666667,17.620990753173828
0.43976745,0.7928125,0.4485993,0.7879166666666667,17.62253165245056
0.43976548,0.7928125,0.4485986,0.7879166666666667,17.624053955078125
0.4397635,0.7927083333333333,0.4485979,0.7879166666666667,17.625620126724243
0.43976155,0.7927083333333333,0.44859722,0.7879166666666667,17.627195596694946
0.43975952,0.7927083333333333,0.44859645,0.7879166666666667,17.62875270843506
0.4397576,0.7927083333333333,0.44859567,0.7879166666666667,17.630258321762085
0.43975556,0.7927083333333333,0.44859478,0.7879166666666667,17.631821632385254
0.43975356,0.7927083333333333,0.44859385,0.7879166666666667,17.633389711380005
0.4397516,0.7927083333333333,0.44859293,0.7879166666666667,17.634901523590088
0.4397496,0.7927083333333333,0.448592,0.7879166666666667,17.63642644882202
0.43974763,0.7927083333333333,0.4485911,0.7879166666666667,17.637922048568726
0.43974563,0.7927083333333333,0.44859034,0.7879166666666667,17.63948130607605
0.43974364,0.7927083333333333,0.44858947,0.7879166666666667,17.641040325164795
0.43974173,0.7927083333333333,0.4485886,0.7879166666666667,17.642589330673218
0.43973967,0.7927083333333333,0.44858775,0.7879166666666667,17.64410376548767
0.43973777,0.7927083333333333,0.44858682,0.7879166666666667,17.64560556411743
0.43973577,0.7927083333333333,0.44858593,0.7879166666666667,17.64711332321167
0.43973383,0.7927083333333333,0.44858506,0.7879166666666667,17.648619174957275
0.43973187,0.7927083333333333,0.44858408,0.7879166666666667,17.650226593017578
0.43972993,0.7927083333333333,0.448583,0.7879166666666667,17.651741981506348
0.439728,0.7927083333333333,0.44858196,0.7879166666666667,17.653250455856323
0.439726,0.7927083333333333,0.44858092,0.7879166666666667,17.654760360717773
0.43972406,0.7927083333333333,0.44857997,0.7879166666666667,17.656281232833862
0.4397221,0.7927083333333333,0.44857895,0.7879166666666667,17.65784478187561
0.43972006,0.7927083333333333,0.44857794,0.7879166666666667,17.65936827659607
0.43971813,0.7927083333333333,0.44857693,0.7879166666666667,17.660935878753662
0.4397162,0.7927083333333333,0.44857588,0.7879166666666667,17.66248893737793
0.4397142,0.7927083333333333,0.44857493,0.7879166666666667,17.664010524749756
0.43971226,0.7927083333333333,0.44857398,0.7879166666666667,17.66550326347351
0.4397103,0.7928125,0.448573,0.7879166666666667,17.667009830474854
0.4397083,0.7928125,0.44857198,0.7879166666666667,17.668571710586548
0.43970636,0.7928125,0.44857106,0.7879166666666667,17.670112371444702
0.4397044,0.7928125,0.4485701,0.7879166666666667,17.671666145324707
0.4397024,0.7928125,0.44856918,0.7879166666666667,17.67318105697632
0.43970048,0.7928125,0.44856817,0.7879166666666667,17.674678087234497
0.4396985,0.7928125,0.4485672,0.7879166666666667,17.67620849609375
0.43969655,0.7928125,0.4485663,0.7879166666666667,17.677727460861206
0.43969458,0.7928125,0.4485652,0.7879166666666667,17.679219484329224
0.4396926,0.7928125,0.4485643,0.7879166666666667,17.68072509765625
0.43969065,0.7928125,0.44856322,0.7879166666666667,17.682279586791992
0.43968868,0.7928125,0.44856218,0.7879166666666667,17.68380045890808
0.43968675,0.7928125,0.44856104,0.7879166666666667,17.685314416885376
0.4396848,0.7928125,0.44855997,0.7879166666666667,17.686822175979614
0.43968287,0.7928125,0.4485589,0.7879166666666667,17.688320636749268
0.43968093,0.7927083333333333,0.4485578,0.7879166666666667,17.689833879470825
0.43967897,0.7927083333333333,0.44855672,0.7879166666666667,17.691338777542114
0.43967703,0.7927083333333333,0.44855565,0.7879166666666667,17.692910194396973
0.43967503,0.7927083333333333,0.44855455,0.7879166666666667,17.69446849822998
0.4396731,0.7927083333333333,0.44855347,0.7879166666666667,17.69602394104004
0.43967122,0.7927083333333333,0.4485524,0.7879166666666667,17.69752335548401
0.43966925,0.7927083333333333,0.44855133,0.7879166666666667,17.6990327835083
0.4396673,0.7927083333333333,0.44855022,0.7879166666666667,17.7005615234375
0.43966538,0.7927083333333333,0.44854915,0.7879166666666667,17.702075481414795
0.43966344,0.7927083333333333,0.44854808,0.7879166666666667,17.703601837158203
0.4396615,0.7927083333333333,0.448547,0.7879166666666667,17.705116033554077
0.43965954,0.7927083333333333,0.448546,0.7879166666666667,17.706631422042847
0.4396576,0.7927083333333333,0.44854492,0.7879166666666667,17.7081618309021
0.43965566,0.7927083333333333,0.4485437,0.7879166666666667,17.70971131324768
0.43965372,0.7927083333333333,0.44854248,0.7879166666666667,17.711228370666504
0.43965176,0.7927083333333333,0.44854125,0.7879166666666667,17.71279501914978
0.43964985,0.7927083333333333,0.44854015,0.7879166666666667,17.714306116104126
0.43964788,0.7927083333333333,0.44853896,0.7879166666666667,17.71583652496338
0.43964595,0.7927083333333333,0.44853774,0.7879166666666667,17.717360973358154
0.43964407,0.7926041666666667,0.44853657,0.7879166666666667,17.718875646591187
0.4396422,0.7926041666666667,0.44853547,0.7879166666666667,17.720385789871216
0.4396402,0.7926041666666667,0.44853434,0.7879166666666667,17.721960306167603
0.43963826,0.7926041666666667,0.44853318,0.7879166666666667,17.72347617149353
0.43963632,0.7926041666666667,0.44853202,0.7879166666666667,17.725043535232544
0.4396344,0.7926041666666667,0.44853088,0.7879166666666667,17.726555585861206
0.4396325,0.7926041666666667,0.44852966,0.7879166666666667,17.72811985015869
0.4396306,0.7926041666666667,0.44852856,0.7879166666666667,17.72963547706604
0.4396286,0.7926041666666667,0.44852737,0.7879166666666667,17.731149196624756
0.43962672,0.7926041666666667,0.4485262,0.7879166666666667,17.7326717376709
0.4396248,0.7926041666666667,0.44852513,0.7879166666666667,17.73418164253235
0.43962285,0.7926041666666667,0.44852403,0.7879166666666667,17.735690593719482
0.4396209,0.7926041666666667,0.4485229,0.7879166666666667,17.737192392349243
0.4396191,0.7926041666666667,0.44852173,0.7879166666666667,17.738702297210693
0.43961716,0.7926041666666667,0.44852072,0.7879166666666667,17.740222930908203
0.43961516,0.7926041666666667,0.4485196,0.7879166666666667,17.741738319396973
0.43961328,0.7926041666666667,0.4485185,0.7879166666666667,17.743245363235474
0.4396114,0.7926041666666667,0.44851735,0.7879166666666667,17.744815587997437
0.43960947,0.7926041666666667,0.44851628,0.7879166666666667,17.746326208114624
0.4396075,0.7926041666666667,0.44851512,0.7879166666666667,17.747857570648193
0.43960562,0.7926041666666667,0.44851404,0.7879166666666667,17.749383687973022
0.4396037,0.7926041666666667,0.44851282,0.7879166666666667,17.750945329666138
0.43960175,0.7926041666666667,0.44851172,0.7883333333333333,17.752517223358154
0.4395998,0.7926041666666667,0.44851065,0.7883333333333333,17.754022359848022
0.43959793,0.7927083333333333,0.4485095,0.7883333333333333,17.755542755126953
0.439596,0.7927083333333333,0.4485084,0.7883333333333333,17.757070541381836
0.43959406,0.7927083333333333,0.44850722,0.7883333333333333,17.758577585220337
0.43959224,0.7927083333333333,0.44850612,0.7883333333333333,17.760149717330933
0.4395903,0.7927083333333333,0.44850504,0.7883333333333333,17.76167106628418
0.43958837,0.7927083333333333,0.44850388,0.7883333333333333,17.763219356536865
0.4395865,0.7927083333333333,0.4485028,0.7883333333333333,17.76478624343872
0.43958455,0.7927083333333333,0.44850165,0.7883333333333333,17.76634907722473
0.43958262,0.7927083333333333,0.4485005,0.7883333333333333,17.76786971092224
0.43958074,0.7927083333333333,0.4484994,0.7883333333333333,17.76938509941101
0.43957886,0.7927083333333333,0.44849834,0.7883333333333333,17.77087426185608
0.43957692,0.7927083333333333,0.4484972,0.78875,17.772401571273804
0.439575,0.7927083333333333,0.4484961,0.78875,17.773906469345093
0.43957317,0.7927083333333333,0.44849503,0.78875,17.775449514389038
0.43957117,0.7927083333333333,0.44849396,0.78875,17.77702760696411
0.43956923,0.7927083333333333,0.44849283,0.78875,17.778539419174194
0.43956736,0.7927083333333333,0.44849172,0.78875,17.78011131286621
0.43956554,0.7927083333333333,0.44849056,0.78875,17.781625032424927
0.4395636,0.7927083333333333,0.4484895,0.78875,17.78317642211914
0.43956167,0.7927083333333333,0.44848835,0.78875,17.784696578979492
0.4395598,0.7926041666666667,0.44848728,0.78875,17.78625226020813
0.4395579,0.7926041666666667,0.44848618,0.78875,17.78777527809143
0.43955597,0.7926041666666667,0.4484851,0.78875,17.789292573928833
0.4395541,0.7926041666666667,0.44848403,0.78875,17.790805339813232
0.43955222,0.7926041666666667,0.44848296,0.78875,17.792319536209106
0.43955028,0.7926041666666667,0.44848186,0.78875,17.793827533721924
0.4395484,0.7926041666666667,0.44848084,0.78875,17.795332193374634
0.43954647,0.7926041666666667,0.4484797,0.78875,17.79683208465576
0.4395446,0.7926041666666667,0.4484787,0.78875,17.798344135284424
0.43954265,0.7926041666666667,0.44847792,0.78875,17.79986572265625
0.4395408,0.7926041666666667,0.44847682,0.78875,17.801380395889282
0.43953887,0.7926041666666667,0.44847575,0.78875,17.802882432937622
0.439537,0.7926041666666667,0.44847488,0.78875,17.804386854171753
0.4395351,0.7926041666666667,0.44847387,0.78875,17.805896282196045
0.43953323,0.7927083333333333,0.4484727,0.78875,17.80740523338318
0.43953136,0.7927083333333333,0.44847184,0.78875,17.80891227722168
0.43952942,0.7927083333333333,0.44847077,0.78875,17.81040596961975
0.43952754,0.7927083333333333,0.4484696,0.78875,17.811967134475708
0.4395257,0.7927083333333333,0.44846877,0.78875,17.813546657562256
0.4395238,0.7927083333333333,0.44846767,0.78875,17.815067052841187
0.43952188,0.7927083333333333,0.4484668,0.78875,17.81664538383484
0.43951997,0.7927083333333333,0.44846573,0.78875,17.818598747253418
0.43951806,0.7927083333333333,0.44846472,0.78875,17.820587158203125
0.43951616,0.7927083333333333,0.4484639,0.78875,17.8225998878479
0.4395143,0.7927083333333333,0.44846293,0.78875,17.82465434074402
0.43951243,0.7927083333333333,0.44846186,0.78875,17.826656103134155
0.43951064,0.7927083333333333,0.4484611,0.78875,17.82873010635376
0.4395087,0.7927083333333333,0.44846004,0.78875,17.830729484558105
0.4395069,0.7927083333333333,0.4484589,0.78875,17.832730054855347
0.439505,0.7927083333333333,0.44845816,0.78875,17.83473491668701
0.43950313,0.7927083333333333,0.44845688,0.78875,17.83678650856018
0.43950126,0.7927083333333333,0.44845596,0.78875,17.838382720947266
0.43949935,0.7927083333333333,0.44845468,0.78875,17.839918851852417
0.43949753,0.7927083333333333,0.44845378,0.7891666666666667,17.841434478759766
0.4394956,0.7927083333333333,0.4484528,0.7891666666666667,17.842958211898804
0.43949378,0.7927083333333333,0.44845155,0.7891666666666667,17.844468116760254
0.43949187,0.7927083333333333,0.44845057,0.7891666666666667,17.8459792137146
0.43949005,0.7927083333333333,0.44844964,0.7891666666666667,17.847492933273315
0.43948817,0.7927083333333333,0.4484487,0.7891666666666667,17.84900403022766
0.43948618,0.7927083333333333,0.4484474,0.7891666666666667,17.85051202774048
0.43948436,0.7927083333333333,0.44844645,0.7891666666666667,17.85203194618225
0.43948248,0.7927083333333333,0.4484455,0.7891666666666667,17.853589057922363
0.4394806,0.7927083333333333,0.44844428,0.7891666666666667,17.855140924453735
0.43947875,0.7927083333333333,0.44844314,0.7891666666666667,17.856698036193848
0.43947694,0.7927083333333333,0.4484422,0.7891666666666667,17.85821509361267
0.439475,0.7927083333333333,0.4484409,0.7891666666666667,17.85978937149048
0.43947312,0.7927083333333333,0.4484399,0.7891666666666667,17.861302852630615
0.43947133,0.7927083333333333,0.44843888,0.7891666666666667,17.862802028656006
0.43946934,0.7927083333333333,0.44843787,0.7891666666666667,17.86432671546936
0.43946752,0.7927083333333333,0.44843653,0.7891666666666667,17.865832567214966
0.43946573,0.7927083333333333,0.4484356,0.7891666666666667,17.86738419532776
0.4394638,0.7927083333333333,0.4484346,0.7891666666666667,17.868908643722534
0.43946192,0.7927083333333333,0.44843328,0.7891666666666667,17.87041425704956
0.43946004,0.7927083333333333,0.44843227,0.7891666666666667,17.871938467025757
0.43945822,0.7927083333333333,0.44843134,0.7891666666666667,17.873504877090454
0.43945634,0.7927083333333333,0.44843033,0.7891666666666667,17.875012159347534
0.4394545,0.7927083333333333,0.44842902,0.7891666666666667,17.876578330993652
0.43945256,0.7927083333333333,0.44842798,0.7891666666666667,17.87808346748352
0.43945074,0.7927083333333333,0.44842696,0.7891666666666667,17.879623651504517
0.4394489,0.7927083333333333,0.44842565,0.7891666666666667,17.881144523620605
0.43944702,0.7927083333333333,0.44842464,0.7891666666666667,17.882654905319214
0.4394452,0.7927083333333333,0.44842356,0.7891666666666667,17.884175777435303
0.43944332,0.7927083333333333,0.44842228,0.7891666666666667,17.885782957077026
0.43944147,0.7927083333333333,0.44842133,0.7891666666666667,17.88728976249695
0.43943965,0.7927083333333333,0.4484202,0.7891666666666667,17.88880729675293
0.43943772,0.7927083333333333,0.44841945,0.7895833333333333,17.89031147956848
0.43943587,0.7927083333333333,0.44841832,0.7895833333333333,17.891886711120605
0.43943405,0.7927083333333333,0.4484175,0.7895833333333333,17.893397092819214
0.4394321,0.7927083333333333,0.44841638,0.7895833333333333,17.894898653030396
0.4394303,0.7927083333333333,0.44841558,0.7895833333333333,17.896410942077637
0.43942845,0.7927083333333333,0.44841436,0.7895833333333333,17.897907257080078
0.43942657,0.7927083333333333,0.4484135,0.7895833333333333,17.89941906929016
0.4394247,0.7927083333333333,0.44841233,0.7895833333333333,17.900994777679443
0.43942288,0.7927083333333333,0.4484122,0.7895833333333333,17.902543783187866
0.43942097,0.7928125,0.44841218,0.7895833333333333,17.90406584739685
0.4394191,0.7928125,0.4484116,0.7895833333333333,17.905585050582886
0.4394172,0.7928125,0.44841135,0.7895833333333333,17.907138109207153
0.43941534,0.7928125,0.44841075,0.7895833333333333,17.908695697784424
0.43941346,0.7928125,0.44841033,0.7895833333333333,17.910207271575928
0.4394116,0.7928125,0.44840994,0.7895833333333333,17.911733150482178
0.43940973,0.7927083333333333,0.44840908,0.7895833333333333,17.913296937942505
0.4394078,0.7927083333333333,0.44840887,0.7895833333333333,17.91480302810669
0.43940598,0.7927083333333333,0.448408,0.7895833333333333,17.91631007194519
0.4394041,0.7927083333333333,0.4484076,0.7895833333333333,17.917858839035034
0.43940222,0.7927083333333333,0.44840688,0.7895833333333333,17.919418573379517
